85328
87533
711
51618
4127
28163
75098
57765
81448
43092
36355
96217
30796
92529
58387
70268
70277
23787
82479
77583
16740
93701
77806
36306
29341
72632
75321
97
13567
89310
23432
81022
42010
41575
79227
74789
72117
16026
24238
37699
54633
26223
75789
99149
54110
86524
91248
98770
72923
30997
85508
90927
83653
66229
34165
77408
617
67273
20011
67640
46667
88774
16507
37150
17723
24559
18655
69124
90307
60069
22630
59261
29498
64799
75671
51475
86196
85618
65372
88335
64826
93038
30125
15237
82751
69792
73049
63473
39899
7382
63007
72669
61230
3075
67408
29922
95831
39019
84111
64534
98102
58933
5826
28830
58123
88846
40185
88298
13566
3426
58591
90915
90824
78676
47696
99357
25174
11313
55179
10857
29226
28098
62486
83551
59621
45155
90680
1247
95654
25357
37204
36145
35685
97027
21159
41860
16501
60127
35199
3032
44818
21513
64595
87979
9924
49212
80274
43802
31193
94341
28272
58878
57896
63773
1866
2652
63595
9720
96517
80683
67522
49875
48698
30652
56743
40708
29719
97601
13728
35660
57574
62420
22723
50368
46528
34592
40171
42540
88061
18834
89137
76430
64784
9852
1871
12968
41478
3777
57760
62241
55840
31326
29466
82629
12333
34360
70123
56945
803
83971
44821
5525
36969
73026
78324
94267
74762
75906
71903
73354
16400
55559
65961
66834
47180
54908
18366
3413
12578
98978
26598
83759
51196
65034
90734
324
9378
48411
49797
18836
524
32132
47187
61122
91236
61592
55884
17232
39321
38512
33693
39152
98163
4523
75342
38666
19092
55056
34794
74457
44015
11582
96350
26487
65053
16171
12219
44521
21210
54114
40436
17967
33150
66457
21635
5426
7895
81166
77718
58704
19309
45564
84293
22292
54909
82188
40550
31410
17381
73433
25623
86110
48092
15199
16514
69350
46778
4011
92165
31074
9611
81823
44515
84564
26554
38501
79961
30128
13912
99211
17596
48364
7119
66481
39456
80411
44778
77423
12970
7264
28587
89795
68077
22840
73079
22335
24015
90088
11792
1247
41273
13845
93926
9735
4915
97313
32523
89184
51284
24111
28199
39687
85669
87957
58887
57106
7819
22656
13384
39891
49538
27391
9427
73290
2428
95967
71815
33944
37982
51653
70163
58793
1875
35789
85510
48705
78118
28915
26161
31434
3441
64547
67679
7865
11178
28236
23015
96802
17579
18724
61843
63040
57070
68166
58076
6386
63317
71650
2516
97187
25449
29875
30385
39610
33360
38033
85781
9800
45413
72326
70419
18703
97394
24771
37768
19029
33766
52461
69665
79945
89173
48741
88596
36521
16227
1597
33588
27735
70143
72390
58008
48821
57093
48160
89990
40746
49968
32073
80934
15248
84318
6284
96620
37601
32411
234
44421
54685
48429
60213
30124
5248
91510
22990
49589
72504
83159
74230
26973
10300
662
37359
20209
57795
73305
43660
71541
84355
18978
50182
24188
84091
3520
33621
50276
82932
75287
65459
8556
72020
1841
83847
7507
97330
62125
82799
90600
3269
36686
57011
69145
35355
75637
9281
81863
69017
59049
9099
69577
56897
98938
60408
75291
43517
41644
36154
4285
672
31814
85935
76626
16628
98024
63706
86306
81095
60559
35824
65650
44923
14743
3993
35748
13272
69283
34184
63120
91813
83715
83535
8859
66528
13076
28400
73078
25448
9539
25087
90510
75771
68572
4354
64762
62046
10257
73688
28719
33616
32534
87615
60881
16706
33668
24405
36708
76284
76837
35516
74134
19238
55113
73244
68518
39591
43379
40486
13046
69153
78829
4175
56706
99371
35400
63661
5798
80590
3622
32965
18470
32007
59219
43493
89561
71424
11822
80944
63079
43979
23742
13504
21901
28237
18225
58139
9818
75569
56304
90593
64718
95480
85343
72804
97146
51070
50968
59757
96507
22320
3529
49761
40976
23811
32031
11651
86783
96699
17388
80367
36672
9617
54330
50589
38150
29168
11130
51279
7548
78724
43620
22374
16778
56544
71616
42843
65873
48041
93981
5392
48805
82151
56681
90497
99035
16628
5957
12115
49
30158
65675
68752
4633
11347
8693
1870
66927
78271
88842
47675
80631
76829
38192
39693
54011
70335
98208
75207
41611
10966
96851
54883
62239
47357
71871
4878
3200
64261
19296
51713
59687
68615
63535
40576
51356
14695
19141
84794
94358
91335
22329
70771
28962
37128
55844
19340
57436
21317
4883
32250
87999
84834
23151
61054
87211
5607
41853
79700
83186
43940
25975
21379
40363
21863
21271
73457
71741
1352
46798
32602
72168
93718
57037
46469
44169
67842
58183
14401
25144
7720
74076
36077
26428
70487
75548
6692
10859
42084
81270
29315
54861
48155
1810
64428
87957
25568
82111
45896
15181
60461
21646
88423
59881
61341
73590
52891
98971
75221
86778
56796
61375
21959
8980
51199
3605
9018
76176
90731
63713
85141
21238
28518
38885
95978
8720
57499
53336
62701
33728
27211
10661
87650
50015
63778
1798
32513
27665
84404
22168
87553
56575
56053
91698
40369
13308
57869
86448
18553
36503
11020
70353
13502
8860
79198
40887
76485
63762
62738
96380
77555
72121
21583
79641
35171
11045
23190
87547
90926
65784
77048
77038
13188
37617
34793
64288
91959
50709
6643
33916
51137
91354
33911
56331
62129
24283
67546
59157
7488
37768
90566
91541
96289
33935
32562
17214
21982
71741
75538
8201
47862
86625
96545
98401
86145
98445
96113
53820
53928
35285
74562
2019
79458
78250
45524
27183
61509
9284
13938
77884
30691
74680
9071
11010
86681
87709
4213
42338
72323
3911
40694
91346
78513
77342
21253
71816
79356
454
77632
56097
47115
37433
4247
63437
2985
9427
7486
619
46921
71242
68804
87312
64974
49220
57978
68768
12412
54305
84148
92334
31278
31408
57056
44671
77914
13018
65310
69266
16074
93679
32851
97678
60151
75758
83677
9725
49366
57053
49877
74734
67266
89
32368
1071
59679
21522
49396
67952
93572
35911
78844
49874
7695
44156
95162
67446
53332
73795
43341
22043
48920
9664
61455
53506
3564
10726
6077
47679
96364
9068
99258
69776
894
77258
12625
17458
85227
94425
94511
36779
38169
90871
45065
9843
15793
84814
19278
20030
10954
92134
5470
89850
20436
29360
92078
81616
3104
5650
9687
97208
97738
21444
65086
51352
70156
30436
56121
97319
13358
12716
63739
7979
92926
35679
84410
91399
23668
3980
25860
38830
43476
93746
15381
81728
51568
92253
10592
28407
84880
73064
88747
28377
60326
71180
88599
95196
7966
97910
18537
3447
57536
52609
72125
22720
72484
5982
14231
10094
5830
9549
42340
17740
93390
56919
97356
9581
97649
87661
93768
313
64831
36749
52043
8281
26358
43814
85741
58852
49826
67609
51040
47470
90820
24954
63915
33784
82403
73641
46924
53077
19687
19965
5392
79114
27721
193
69683
56327
75414
667
68565
67847
53793
7257
28035
8502
54789
54407
38025
1688
80896
34990
2983
65349
88812
22896
63356
16362
45067
84773
35929
16950
2103
25065
18301
43426
12811
93923
94498
69718
27796
64206
62944
21790
2701
64941
76629
2367
46303
32448
28662
56912
5460
33342
56454
18476
50095
36542
58241
86422
75149
3155
69676
97458
38530
63252
4819
17059
65657
24280
77509
41391
89039
64327
39245
93956
6764
27294
60678
24086
5027
21555
84239
9116
16695
98758
87196
94671
4172
77360
9707
38594
10341
98474
58130
96967
33164
54976
78447
46651
18512
51030
65425
96150
81325
13857
55634
67507
7013
36851
15161
93469
24553
48400
53065
36035
49421
61851
98733
79998
93604
73977
13201
38040
78279
32462
50307
93226
66411
89797
27901
37491
90465
89403
10914
2631
38422
33370
96351
13563
47632
47599
23544
56855
88135
68218
82425
14783
66604
37768
33790
88322
87249
71793
58376
81824
99875
14002
28692
19944
45985
1947
86505
65540
31406
80690
43382
27117
27396
95132
4537
98806
25616
23214
46039
9108
80044
26033
22610
16070
2770
51375
40084
94310
64899
66546
73519
71180
47340
48951
33494
52274
64739
61404
74767
21189
43259
65354
90042
29425
10803
64447
87750
40878
94271
41609
3812
94553
62710
12712
96810
67790
49751
38394
753
52224
15655
6685
38196
64533
78125
49417
99569
66616
77583
96289
66624
14037
7761
27033
39483
34161
50228
35162
71321
84658
42875
43399
13092
27504
26919
21090
34790
38665
70139
35135
59568
19319
24682
78490
2968
33588
96366
78554
80862
43292
31322
80988
2359
27413
54387
34207
24006
33953
12710
40585
72436
62433
31986
12661
38024
21757
38584
20140
81425
40223
51680
35119
23076
83326
28992
72113
30405
91539
26262
94925
83319
65373
84297
89532
17864
34441
14203
13520
90983
8261
89855
4805
58497
56949
70657
27060
88503
98486
54973
88368
45888
3516
77652
54232
75084
23060
7231
33394
28581
59284
3247
21664
72295
42990
61948
84980
65236
20488
82342
65200
78504
9615
31825
72007
67943
56034
49104
49142
57478
60244
47121
24457
95922
29994
97800
30661
18699
81705
84934
51388
63996
15582
1336
19
10270
40001
49528
71947
1130
4174
18428
88128
84806
49454
43262
75045
65648
67484
27169
93316
32789
8091
18985
8166
11097
14704
99335
47340
63689
17385
9454
16426
93004
70422
5524
41724
52437
70243
75377
83148
50202
88970
66838
6403
15145
58512
84485
26532
96639
38480
99692
42680
1953
20191
3105
18367
42470
7478
8324
80745
81527
49707
87416
47285
96907
45361
45243
41769
93594
62088
14904
91234
97851
24693
98418
8999
14265
27921
63015
16851
90584
98867
27195
21696
57381
27724
8710
63965
28053
44559
30509
3577
71785
96685
32877
63001
41767
48834
80074
29449
27391
76955
54927
53931
86998
47492
55252
27401
92240
99459
49792
96385
34877
72333
69202
19173
14703
24287
78374
21127
54231
25070
92305
1114
86527
65625
83367
8324
6367
84599
60546
14950
62057
60496
56181
18414
69259
38015
30202
96029
77664
33011
54784
25071
89325
94327
21743
88405
52100
13411
7865
70790
16411
28990
29463
4578
12272
16610
74222
25574
62481
70381
21131
21451
60392
69396
25208
91042
8983
33102
31012
20213
57277
26961
70657
58449
55924
85092
67261
29223
80992
54347
77902
6076
60169
12009
81557
26096
43048
55056
13530
51047
1164
94507
42380
73822
36032
43437
71120
96265
78043
33079
89321
37388
59573
25291
20789
80735
69950
94447
50283
84672
78309
59199
83170
95095
28499
3863
68941
13116
91719
278
56577
68849
61348
73696
11869
49559
10467
72319
86367
96142
52997
62517
32516
83236
18838
75178
53018
18724
41112
64862
99580
16980
10487
72195
63664
71606
10057
57601
59575
92251
34145
49779
57984
46132
75550
24424
76047
9655
13246
59401
84659
15111
26032
12208
83596
30341
70231
56604
11127
45483
91511
48200
94233
96017
953
86259
92345
96139
64714
41699
24697
58158
57961
60068
29910
85183
80832
56412
98563
32084
21386
86978
81042
23980
96138
93204
89390
29924
40525
27887
87706
54470
43664
75983
44879
17524
78785
39159
34142
60684
13673
90876
230
71645
34054
62071
13613
15160
3180
88545
74520
42466
92883
79338
1208
56106
62901
58067
46956
36229
58001
70841
60312
84353
24914
81915
85598
20648
68210
56932
46570
57352
45326
91942
38078
85796
31039
76308
62059
41033
4051
83711
9713
63228
44895
96973
42875
50323
55655
83579
98727
18350
53901
96059
88217
29720
42797
27125
90023
17809
5542
44980
61435
31176
94756
87120
11655
79133
29106
87843
26566
6398
42251
95641
4142
62144
75433
6100
85031
23185
56160
82549
89116
91027
1530
58995
93926
41790
26935
35386
27276
87067
22711
98935
66008
13967
73586
73908
34621
76145
57111
518
29939
89705
20286
88612
710
9098
25388
46142
36231
60724
23812
76589
63932
8882
43639
7856
9495
61629
17426
50125
51441
11439
79034
7483
34820
53500
14256
71665
76150
73274
70314
11910
4445
142
7853
8728
59394
51786
3715
82367
79533
14752
92342
69503
14716
10786
36787
38761
69935
43413
58261
82777
69551
37435
10148
27936
97276
97888
42707
17455
69356
90156
3584
20725
67929
92110
2516
95660
79780
95541
61344
77929
19821
8647
6371
94244
9096
17179
36569
86282
57602
80850
28596
76865
96143
40280
55684
44236
53664
17473
47755
45421
18335
88935
57672
34463
33275
55813
29443
40145
73344
71819
21865
8431
72389
2038
15049
64551
97920
36447
3840
8253
21242
72482
77871
31305
71302
17276
90914
36040
58004
32980
6846
93542
46406
33867
2658
64821
88773
76324
42042
57794
44746
22657
71464
87008
8926
99535
20356
55582
4243
49363
60769
63159
28560
23432
28196
44142
53763
77418
85285
87238
39465
44920
45588
23470
40917
67115
83469
79156
76607
36392
28973
97039
2802
91096
43997
64271
43221
33059
31714
79101
7375
24396
96215
16404
9784
93993
4621
48375
68704
78168
42681
34482
69843
34662
4956
55138
82139
76348
53421
85171
27087
13500
40363
15904
20942
33473
79990
99878
67159
93475
81628
47890
95256
90783
77189
62149
28462
62811
99746
33319
20112
20699
54115
33111
92199
91696
89625
68882
26702
69852
41913
87733
28840
73693
10935
94603
50129
665
34872
8150
98784
240
39182
54219
87627
59601
13127
10163
13481
37414
45313
34628
53589
87593
26873
77676
43553
24413
98107
93541
52146
18132
69191
37771
67979
207
14137
2547
61946
77579
14869
68084
1451
87759
32034
49564
78165
79652
94006
52003
77581
30563
57651
78903
66089
30387
1514
41807
31627
16310
2354
2561
74052
32542
97002
36080
84353
9177
19672
77093
60324
31214
58275
83325
27719
21645
3997
95969
76058
33638
89606
99076
86600
51270
53769
33017
96173
42580
80350
14546
96675
67025
60294
45148
78387
72204
76865
27674
82156
18372
48385
26054
70278
18884
97189
64927
60160
75413
71452
37179
42235
63312
29211
64343
57568
25184
9053
95111
76780
25606
6198
2902
8770
44102
58805
89124
94187
36811
81864
23739
89067
30664
83507
87549
75873
7433
16761
50572
30109
65444
92547
25138
16423
43881
88601
33438
7436
30528
82766
48157
16732
79039
76100
98688
22482
33775
62055
32880
14549
45307
13206
6130
69485
8191
92981
25526
56242
6864
56266
48577
18297
46534
15447
47251
53893
48556
41362
78636
87908
84361
51033
22176
40195
274
53371
81010
22758
9089
91685
81872
81697
69948
97117
3487
46277
96835
80140
2477
58612
197
50666
83298
55473
63609
41491
78391
81892
89481
62336
36691
66851
71283
83047
51635
32669
22037
8430
95107
61864
54611
40892
96387
83499
30876
11927
22455
60821
6446
5166
74577
12990
90108
92534
89597
23807
91583
73410
82275
8570
96578
53966
30499
20273
72829
24763
37773
11894
38476
78705
34689
88513
66322
55249
83587
18244
16296
50343
29658
79885
55986
34752
25850
26609
67547
63954
67447
95559
86782
58479
92855
28059
47857
37340
34050
86929
62033
34200
91170
50075
16150
67910
38976
15140
50916
9016
62447
18014
79374
64610
97792
91864
20402
20133
16335
52307
68583
37066
74555
20702
88199
78435
63102
56941
32405
40761
74469
23872
85652
79589
79285
40571
17
56168
82900
18569
94571
4867
12650
34745
16492
17886
68166
77960
99062
18707
29991
81562
15454
63143
96313
42187
59905
34324
69404
65028
47942
69897
91064
90759
12613
68883
58112
70890
83386
65399
48906
81864
39482
20905
70697
37463
90867
70842
10045
98789
52423
49001
15386
37670
63517
89417
53266
6472
46281
54559
57648
87045
74939
24699
95683
39217
61457
4685
42045
99929
1585
33363
89965
15724
4221
20926
99339
26091
39236
29493
50655
94789
20025
89792
35155
4425
12097
46405
54698
24559
99357
4432
84734
7215
55200
82242
91674
22583
81985
73292
52317
94979
85207
40526
57574
95696
73634
28621
48927
52614
70227
48772
71498
51779
56450
63051
83408
10852
19789
12866
50920
77681
8614
23011
88339
85105
96182
87566
30827
48434
96791
28342
40855
80750
22641
82819
4656
92225
28374
72366
98860
67586
45843
37067
17980
72034
59105
28210
52250
93671
59180
49103
64103
49255
32593
11770
33032
25512
38338
94595
47264
42618
35391
84291
27596
13821
90743
69380
20458
31778
7324
25635
18289
60068
30443
41853
84597
92688
73407
12232
94118
5806
95632
18489
40092
62546
29394
55639
67069
77015
95737
1125
88722
61169
47905
38064
50181
46070
88540
74610
67514
88051
73193
69164
63070
81341
34196
28461
38119
93621
47011
51270
33856
15878
27401
73062
14617
79477
90158
85144
69170
65988
28944
58805
76725
88408
221
35275
32536
70069
15342
82742
28472
60926
779
74545
34936
97878
65876
57067
98106
34845
29767
74545
26655
99403
74471
48983
695
27922
18105
92019
21705
49828
4938
84375
54545
64917
79713
32471
92687
91605
41982
82944
79739
39974
28477
82340
16341
25376
8159
33297
37310
67164
41001
12118
72117
55996
4514
28716
63867
16012
47274
84689
4035
11330
93034
71016
28634
16980
56991
18562
17989
20126
80729
18813
85961
64675
79333
72934
56777
90895
66089
7177
48544
33552
73934
66574
85236
55676
62912
92540
62978
37214
53258
27910
12874
26241
67492
80278
69692
8669
43696
71423
69972
77413
28351
42644
48483
60433
53732
33580
50238
9999
90225
61627
379
5265
89658
95760
49124
58942
44448
51422
9333
74746
29448
67194
18560
63860
67222
30551
77304
33304
53118
2638
16058
95661
16403
28298
86357
44354
61368
12843
87933
6858
75574
85459
94725
13470
79945
4445
35548
8300
96758
5219
49411
11834
6637
9966
4720
59821
10603
3707
43227
82029
65868
81615
7609
1935
73858
79946
98138
45251
10349
56433
93425
25930
50407
85726
56885
39497
65367
95457
58800
37200
7809
14226
13570
72847
9373
87876
76177
56614
2718
93506
69833
94892
48952
75138
35920
74675
752
93207
10211
14887
87085
97308
51335
51955
62616
15880
25561
70590
8901
78398
87127
17345
60903
94624
13706
21812
27682
50043
56390
12919
63345
50483
64665
66275
32458
32619
20404
86512
28863
9025
97734
70903
40300
19107
41489
34425
30073
32839
56934
64802
37716
91259
4969
48903
75001
2980
28569
73072
59681
55669
84544
44265
91877
6087
983
54437
55349
20685
27688
34481
34474
71585
96843
44429
54151
17558
76134
66255
5025
6701
64991
63547
14957
36474
12556
64159
43059
64468
25390
25905
7609
76845
53007
66892
53937
39733
88104
18121
60465
78309
32736
36138
86189
90694
39444
86676
81637
79904
85596
97573
37331
44409
14241
58504
69208
41130
86477
35290
30500
36118
67262
73628
19652
55621
84863
83888
79146
44552
59738
41032
1651
12488
52377
71043
96316
46646
13693
46958
85855
10790
10518
31372
92418
62062
72957
67147
66643
75052
12468
1228
1585
93257
57491
5178
25848
20639
48231
33164
33940
64198
78111
31859
25188
92263
2335
45053
17798
51815
72835
5580
83816
48647
79600
6872
3893
14827
63891
97146
6664
76957
3949
76059
9578
60045
32093
86763
78915
69531
13762
53206
19672
10026
25626
28462
47188
56085
54880
26497
67710
63059
59322
68996
56257
46077
19973
53215
68737
98138
35163
82681
3941
17846
84456
95614
97060
65004
96237
19587
35427
44821
26191
60185
77361
5777
43972
29622
88359
66736
36888
32308
73357
81272
53679
72967
42075
14403
52399
49861
20362
72782
16328
73214
68766
22959
35877
8579
45733
37787
84529
19202
67101
27417
62147
37797
94183
54337
32783
45823
31695
56324
15930
80333
16008
21532
32557
5886
42285
37680
70697
80934
54869
59888
16163
43505
63814
61037
24073
9486
42541
9582
43977
31480
40069
22140
19970
25563
58138
34459
34306
94065
54128
47340
13440
90438
99834
79862
46623
48397
63155
78879
25365
36445
85433
99757
95069
32872
49366
32764
35219
1005
32011
51456
32011
45472
39983
14925
47857
40227
58084
20092
26140
87599
46937
26190
53664
8496
91358
95730
73139
19441
38989
30104
36469
84434
97723
63013
7130
92110
40555
63851
9140
85
30197
48547
98165
153
88692
6399
34912
77084
38284
18655
11464
49081
3367
20686
26145
56795
65905
66854
99069
41611
48370
15814
32286
89460
36834
48450
86005
42932
17675
24253
50036
79285
48262
56868
26615
60396
76696
88007
21341
49771
1634
79388
26394
29302
1807
30579
96012
64351
81130
83678
36233
43777
58779
52282
54581
91367
35236
62647
65311
9770
42632
19380
31480
63607
77661
39535
25117
24116
76201
12034
56250
45646
99892
3951
97224
91419
71513
5063
8123
92981
32675
8069
10006
14905
23730
17754
76391
8754
19798
5608
96809
36197
21249
94788
42998
1328
26705
75001
27563
66507
78507
74405
29219
65567
37927
66022
10255
77944
17072
38287
82674
54263
19418
15016
75138
53522
50847
63052
1671
63679
40627
36040
52554
98383
90195
79911
65194
18847
49610
34458
9249
1893
93632
15503
98521
15169
39279
84559
47199
56319
74174
16727
31057
671
90262
68974
92741
72518
16194
68291
37630
85736
43698
6351
39003
70235
3647
38895
9875
46454
79486
7156
96005
68686
6829
68115
42833
70584
54682
20719
98160
47730
62525
95321
86272
40264
72859
59453
16866
99056
44792
19680
55678
86713
33557
28127
57116
68653
43149
85313
23483
54864
69070
17266
33410
70471
91549
61668
45331
49495
38803
47166
58850
42349
4419
19894
47332
1853
22028
6679
16950
53983
25071
7421
99796
18826
97138
44396
46494
6397
30158
82243
12014
34093
70910
19951
13122
79079
69171
65785
64904
82589
19763
69998
49567
94938
79328
1477
77393
90921
70483
78684
76595
21130
46938
90091
89161
50734
28225
64169
22439
24134
20972
69192
22682
8804
31863
54335
12105
74055
13548
23017
10899
16280
98017
34444
12186
97207
6570
78292
20380
85640
71248
23974
84929
1638
28581
41633
28791
98627
50371
26972
61978
33630
39215
17260
1723
65517
9466
30877
22022
93071
6723
89187
8096
13803
8877
79015
7141
26672
52155
30059
62972
27474
21365
89204
92019
11352
20725
44903
69718
11761
76932
632
45467
96786
21613
92151
24925
29547
57152
40936
5526
90234
72257
18748
94373
10031
92405
57728
70420
80383
81348
22904
98727
15165
29011
1644
37049
18268
41976
89864
60889
84118
95943
199
56142
88955
390
3891
46195
97731
18616
36774
50167
20406
78207
11515
30654
40512
15403
61909
84024
50287
22852
2303
75096
32327
68729
86421
38550
12960
55743
16317
4288
75183
94716
70775
42177
84281
29485
41758
24377
16493
88888
45754
70352
66152
79626
8539
92420
32115
33432
79686
55539
65634
20485
54871
14626
21317
34199
23975
90407
83339
78491
16419
27276
70720
57506
81414
32259
19647
48329
78021
98880
52743
44493
9699
66427
82481
42399
45514
13906
9903
59166
70056
40304
49730
57200
73301
62965
65943
82425
98747
3589
71225
96788
55067
36701
86191
88168
88641
4830
40619
374
67618
40395
38003
62978
83573
84034
21284
87769
98746
20837
15756
87378
63344
45464
70715
28760
59218
84750
99353
19362
55750
64954
93116
49646
30850
14561
46916
47770
96830
52408
44509
20377
63987
96343
85329
87961
86693
48135
2130
13133
52541
63813
94454
20233
16292
72257
88285
58734
43717
95516
38291
352
54409
84544
27812
79696
42251
5021
88790
17647
487
99162
66479
17241
8216
46374
10814
97214
25690
1540
3127
40110
87369
18109
18725
34838
14988
89990
91478
71655
45011
63144
79
22413
32343
97356
44384
13956
10658
91062
44297
45995
16912
82425
83671
6949
97371
53129
47792
44874
27068
20046
6592
32683
65469
45829
61603
83469
74841
39479
97704
66191
3956
83957
14316
83826
4932
52607
62776
4459
31653
53696
46348
39015
40643
12134
22021
64438
39685
54292
8256
30350
49613
91894
10151
44706
93960
64856
81159
44023
49256
37670
21021
87466
99307
66463
40967
43375
61371
57013
42844
76508
77225
6585
24506
76838
55744
52007
3806
42747
64162
37472
98174
17410
40776
68455
13637
6252
10285
61123
92551
94843
19726
60296
94878
35060
77409
93059
95797
93493
68867
79022
21488
61366
90618
85343
78793
70630
74026
25225
5391
32261
75099
91522
60132
51145
27014
17858
5803
95313
77247
40290
66528
32647
76123
45659
25429
89999
36302
17867
89044
37967
81073
94120
21845
43003
37167
26460
89497
33635
95129
25955
95859
44908
5223
35736
95018
85409
31203
664
30308
32620
51379
77905
61026
64657
24128
69005
71764
54046
75560
54054
51710
29338
94815
52797
93262
53916
13410
96232
96806
39813
25000
8558
78235
46724
10930
58852
73010
57355
71096
46328
49789
69938
79321
84316
36918
11235
59756
43887
91576
59542
36417
24506
7409
53594
64340
93165
79229
70727
80409
90408
67206
15301
7658
91634
30897
12491
6733
28879
39912
26906
7458
42596
36578
8388
20767
73080
43295
96940
34752
75799
85642
68348
71972
14623
87171
11182
16725
34136
76428
70149
12495
12874
26681
78282
36708
10822
25962
5343
41222
92318
53290
86898
26643
13060
65531
32395
16991
60338
17346
95771
61514
26929
39047
90203
44205
29891
12505
58765
48404
14749
68022
97856
24988
63130
1386
99165
63174
78436
26886
33308
53903
37098
36628
75683
13236
28302
69925
59961
47211
60852
70294
62919
37462
57132
54437
22601
66457
58046
54044
870
6261
18259
91891
61982
72311
32635
89439
32556
19923
53301
14826
45050
36796
47747
28696
90601
52681
84014
91533
26721
53894
32610
3540
17113
51530
4403
98405
98571
10680
57699
59804
74741
97166
83354
33397
43581
81253
87943
41860
75429
1644
45746
73035
38781
49164
38338
70897
72349
57788
90905
56950
80377
29859
92804
54518
36651
64577
12372
28651
34181
84133
51015
9164
71141
50821
51961
36675
13350
64233
92882
71954
86480
91778
28723
92126
4339
78022
45607
74777
36386
62569
87788
15809
34527
97039
76182
25241
90768
76366
86007
95734
93675
38349
86562
46227
63049
99589
56867
21576
92024
86913
26401
24137
86383
14496
44258
91045
43406
88403
15622
24182
67222
52818
7756
89497
94498
25549
81399
23889
50354
42738
7227
69118
57581
74651
83776
66622
5023
49742
77044
4402
91048
71398
56945
19846
5820
92289
5061
79922
7472
79326
97593
93583
23596
59677
75999
8634
45507
8014
1239
6093
30335
94329
80038
13673
89413
21182
80554
45784
49552
81169
30652
50709
12109
73932
8187
96534
85805
92081
37948
19306
44090
9056
12226
70335
59591
949
37651
59736
67818
8726
87050
51974
76507
83938
50367
65117
77309
61799
57977
48909
65951
15330
12743
26498
71650
4557
91845
43701
21763
23050
35504
80238
91656
45423
74654
38352
67347
61696
38445
11829
98658
67211
24876
24387
30873
59421
82517
80026
50963
65550
44793
37622
41114
60886
66572
49106
81764
25497
87960
2658
76119
35230
73316
499
86612
40395
21774
26917
92669
37166
23382
61522
24999
22530
15022
97455
34731
18247
45975
9591
20043
93384
69102
78249
90265
72802
63874
88800
9683
2623
13542
31035
25760
71604
44468
53995
57482
74835
65199
73093
43515
99960
26971
46522
65050
89325
46417
62805
75954
77758
54566
98577
87851
42575
14371
28978
90757
82746
48851
48083
63868
79847
3761
32637
50629
11617
71506
2138
44730
67810
62559
99093
50578
38572
75558
42951
9147
12553
66755
42241
31981
15758
87859
26293
20355
71659
3859
62408
67007
58929
49002
62539
69975
8532
66855
87628
72706
66169
20277
34851
12842
71661
84365
50345
15146
5806
14939
52388
24817
43297
31898
76294
65190
6981
93162
88264
45110
13973
72536
22294
10703
67344
10386
87819
58046
2462
54035
26253
95753
22350
89650
82044
41497
32940
1237
29074
31763
4401
41164
29202
23877
23306
25723
47168
28764
65636
60879
84128
8256
8532
78891
91116
40915
77208
96273
13798
78718
87496
82836
11091
14191
64969
59220
96638
44003
97822
58131
24245
31374
30560
54792
23168
84597
3388
37690
13230
12887
30881
93881
44888
2351
92325
68493
9646
63074
49537
59609
86618
11080
26554
86306
11321
67697
91027
87584
72410
44039
33961
81529
76223
39653
42472
56203
38101
30820
70334
82262
14814
26411
51615
54171
79337
67559
38337
39065
85933
472
1850
2310
83721
22270
78694
98782
95749
24130
25629
23705
21149
13607
17674
52667
46531
74369
67621
8197
11006
90908
78719
59334
24918
26830
17940
11432
42897
10410
48596
27092
34823
75373
32527
1177
25618
86155
58690
10318
60759
41600
92737
69798
37399
51137
86402
63337
54657
31178
66259
40167
42959
36797
78929
6391
97982
3408
1970
52751
95068
55568
88381
78939
78409
72028
19760
32827
66434
37051
20054
41422
44155
72616
85275
13338
78386
68841
21739
15575
32174
87400
19029
48659
12136
2449
18795
71740
83740
2907
20762
85988
40544
25679
28568
290
80276
1215
42677
94898
17498
49993
43572
63648
26950
10001
40495
23139
46573
44937
75924
35538
16133
17386
64846
90743
47615
55427
13890
73849
74005
15401
23584
92593
40317
83144
29962
43555
11481
24013
69690
94192
71652
10610
15684
85914
617
57233
98848
45692
84217
59908
54808
99402
41660
58292
58802
52965
82049
89534
92820
76772
78635
44297
71181
1331
8925
70107
80355
39024
45225
92378
79540
82633
47545
70688
2873
53563
38286
38099
37302
81973
52351
94128
3302
43821
10806
55108
78246
53957
13045
51022
2180
2937
92249
37741
64312
7978
40668
78296
62583
9722
44381
32879
1483
63844
98769
93570
29194
794
3927
76484
52933
58610
80536
22048
74016
54288
24957
545
1270
25526
54357
66351
5827
93612
96030
79037
15527
92724
80476
38791
79855
94350
48169
87620
35032
51517
860
13636
11923
72661
73342
62425
91926
50474
50015
91249
92527
23523
23703
80290
44431
35585
81335
5202
66147
46083
22945
21984
92199
91557
85162
42765
53173
75501
36903
46209
71266
83343
27624
40050
25342
22093
83495
78468
89602
72751
32473
47421
57850
74393
55173
82154
69185
24784
91227
13868
81038
27563
84508
96809
60773
15657
46498
29772
74184
69138
98197
28857
36826
6799
96250
10479
25487
29581
11813
84374
53032
87736
90940
76481
82065
19754
88128
12702
75343
19622
17636
6191
45148
41954
66880
84748
75904
1577
88470
56675
15151
9856
75427
58951
86318
21718
99514
59704
91347
8591
87335
59893
89318
27638
53504
27932
44018
34762
14515
75734
72890
12864
95133
21996
3125
78916
42878
59466
58603
40679
79106
35873
87928
77004
8342
94821
59113
45252
29592
93537
71207
97229
78253
22465
56052
43520
38068
67223
40724
72943
89480
53553
12173
25060
3466
3376
14982
98358
32053
98048
1168
86079
84508
89284
9244
9510
53873
36338
66346
85944
85357
26714
78548
72824
39934
73295
65391
39188
37869
90797
46662
69951
17890
10880
83363
14034
78632
22525
36254
17003
80291
17552
9914
87620
34609
31434
59657
51656
56318
25581
42430
89888
87376
87377
21205
15475
91975
86136
1525
48695
17883
41620
51182
79278
1707
16956
9871
75251
92694
83290
67330
36604
53852
35865
28
15112
40973
70652
32624
90755
77853
93418
76345
17888
58574
4117
42804
87943
40321
73015
25448
72165
6121
757
17545
21043
45728
98362
63063
85728
51450
44975
29943
76910
60938
34492
92296
57115
60209
89452
79178
5116
80140
65169
28321
76312
84212
56751
57994
2402
15716
96603
25749
68621
90048
88810
90093
20989
28730
89006
6020
78383
44061
19102
9708
70181
71993
91634
82037
14032
24283
42123
9614
8854
99959
84552
96246
6946
36170
60310
11747
53708
62537
77961
39892
91066
32409
59434
655
18422
63797
21558
76457
61995
40931
53790
77845
12914
58171
58799
3848
25935
3277
57750
94123
68708
47174
35575
69235
44464
21506
58912
82187
62333
18937
64819
12394
51684
20521
3236
69547
49238
72034
85514
32830
62085
44260
38500
29338
17848
55396
73425
26514
48133
63364
86437
84396
80229
80871
94369
35980
38169
56056
47677
31311
81600
25450
55122
40350
99795
34821
50603
1027
46459
45675
3654
196
82920
56352
31540
62557
14898
2822
81836
25652
2111
91440
83004
66482
29489
54534
34622
96892
99446
96374
69493
7848
4958
55967
77875
1115
92
27275
93190
83941
22491
98374
7875
39102
38560
16512
79020
91115
49981
50670
46984
79326
30044
76588
73094
30335
78730
52509
98670
16664
24307
75256
11144
77704
78358
75844
6943
59015
98437
90449
88182
19749
40991
34355
20465
66198
50392
86070
9746
94247
7396
24375
18284
70373
6523
44977
82341
6558
49679
35833
25126
3821
42586
64396
34037
99604
99869
74222
39347
36528
22337
35857
81594
39671
86197
96814
22752
80491
38164
47118
30965
70530
14301
24582
21866
22100
10592
58790
97252
65677
59669
56107
30864
27556
94291
62868
46016
21708
51750
98822
45401
78810
89718
62629
29218
52578
66219
70524
85219
2708
96223
80527
84487
69158
54267
66131
49570
15888
61950
20938
51352
74101
64898
24372
51110
86973
26725
1640
52182
11655
56061
74414
62139
63596
35330
34063
14500
34948
10021
4330
2701
85641
51401
16241
28430
68961
27717
37118
3187
1558
93965
62989
35869
65289
28155
20478
42720
10662
98556
41407
26140
91494
49661
88211
98090
35939
8897
72110
18707
50267
74255
32846
56390
19142
42617
63769
74875
86505
28126
85117
59765
8504
46564
37205
35308
38618
27657
14447
53195
71792
96346
53946
9911
39054
45294
5548
96842
79920
53878
30261
2131
77210
36187
92956
77651
82112
85647
72623
41877
77979
88470
36963
50363
28498
87605
33531
1751
25272
15258
35025
58929
3935
1925
65579
82376
98827
47271
88216
99893
85600
38427
65822
61988
49010
89474
2632
59501
45314
13756
8433
17278
28348
75256
87927
82573
2010
93297
46973
52442
2543
62413
85019
66757
82834
79693
85183
23828
92068
43592
83173
15174
4682
52699
64565
38825
97106
3956
76482
38005
91821
91722
1396
93905
38346
56195
23796
65906
95170
62511
32514
83963
16923
7830
98256
46686
31016
57235
60539
26044
85203
35823
32349
57807
5759
58310
21503
37813
24180
13683
23821
30609
96544
85265
44174
92932
44109
44382
16049
95425
14552
42379
98925
95855
64425
32448
62461
93491
29603
15874
31282
79175
9027
68503
92680
97507
48519
55558
93697
51779
75029
74395
1560
45182
66798
68046
20506
27586
8879
54435
8702
5932
90787
11455
11616
80704
68365
66367
86657
972
7123
64745
9030
91050
98337
89671
86847
23837
10554
80743
92043
87490
68038
52232
31737
38571
47667
81443
13864
9620
8025
35076
6114
59369
86620
48030
24677
20710
67594
13461
64264
19688
1225
35310
39617
42115
86647
36931
58161
35936
41352
33195
46909
14307
86699
64798
17105
67620
26674
4064
33544
68691
51390
60873
99040
78495
32012
74079
6785
82341
8794
99452
36015
21600
55959
62028
93414
24570
70198
17359
42454
89576
54280
11990
24388
17524
63595
54604
38869
21404
71903
635
91240
36626
23911
37572
13463
28731
70155
96595
43947
32456
83420
74571
20617
99507
62775
67925
31376
24900
18734
3706
88966
10281
59276
24901
69736
80796
64221
98713
76207
6053
71274
96995
89992
61809
19866
53106
69992
31567
21603
27892
18939
67109
99257
79903
14808
6881
37870
81480
67546
67772
19473
80980
31224
65145
61456
49620
81219
25200
76256
38824
23720
68979
34174
88562
54037
28586
67422
34736
54716
4201
93357
4777
60968
95449
41176
33966
68111
73215
57164
99445
25893
28616
68309
48677
81406
78327
8627
97479
44303
16298
71663
45648
64537
25679
39062
77806
42658
84511
36938
66172
12684
7169
5483
60921
32495
77712
71963
2940
88422
38059
5505
43112
57420
52693
80476
83123
57497
69822
23585
7862
99706
51584
36920
94525
27027
49179
45280
1511
14215
14214
72555
88089
35399
49345
99201
92717
98063
61648
51785
82674
4015
7911
22632
990
62150
79962
69855
51534
86434
50281
61191
53360
93947
63199
70064
85885
34359
35002
52704
67391
61587
60761
12743
17406
31186
24325
37846
45967
83075
54076
58692
240
41807
10491
1377
54528
8418
94367
25810
66723
23348
51192
34042
64146
59636
13112
57384
66558
76750
69432
41701
92656
34214
69266
3648
6501
71075
73902
64405
409
77952
90050
78829
41864
2474
90703
18111
1205
57281
67448
48980
23351
13232
28502
41524
13031
98691
76612
93852
97344
4028
38532
9000
84233
71273
17597
39278
68199
50767
52252
977
89083
52626
77178
75575
66999
64257
31125
39154
88523
98901
62450
52188
39419
53591
98981
35771
74846
72781
25528
87089
9542
48747
39208
64217
95088
94415
40925
88461
48983
95040
80448
39226
75352
13451
46910
75889
97980
91707
96815
25861
14580
13724
48035
79537
5351
49237
8682
79778
17317
92677
74598
54663
84687
81811
94614
46573
79750
67472
82085
24119
53567
95312
17496
43698
79996
10652
50587
59575
9574
60137
18871
70955
7372
95577
86807
23418
34742
33811
25845
20888
33072
13148
62939
52487
22231
17229
78453
56097
87298
77515
56858
75649
27439
84768
89394
88858
38576
39642
67759
37454
81328
12573
62606
34402
44628
35570
50694
70589
299
12657
4801
46969
42296
17264
8374
69416
43149
20896
10335
20851
16201
25789
71097
60125
32963
63391
2075
70625
8590
48047
98462
23001
9514
12398
41752
28134
9318
69578
82611
37118
14031
23930
15064
54147
80709
32689
53655
97093
16886
81619
27694
15889
10002
37793
33738
51095
10322
70358
96433
13345
48637
34556
58719
72859
74312
11332
14886
28262
60457
98971
17872
4569
15312
58875
49197
74067
25955
34439
85665
93679
15984
22822
51879
27243
93162
35304
71220
23294
58811
78895
82202
41892
16455
91513
74669
17223
97595
38086
68287
40732
40025
57692
68239
15030
8769
46519
25139
15408
37711
48085
85762
24479
60405
28298
93675
1216
73666
9995
21815
97187
93234
2266
12247
6779
99855
16515
31490
94202
6604
3938
43733
42746
66444
76933
12198
17135
79323
55750
53739
45876
32482
23155
6110
27232
69712
62369
10531
57019
3988
17778
39920
80370
27547
69802
10204
99401
3196
76552
17107
50311
86664
38798
26838
66314
11968
40854
19156
82084
97096
10628
42887
30573
90959
60433
5329
66280
4445
90941
97149
48001
54828
63543
72971
73076
83428
40163
84418
52739
95572
78167
1773
70446
90697
63693
71075
79644
94544
56319
73330
35108
25453
40526
89165
16536
1193
91808
20076
56054
59544
20468
6678
26469
23008
779
1559
25442
55753
58505
86750
86101
36613
65578
46756
81948
44925
25130
82370
96567
80661
12764
17863
28737
37408
35550
7351
28621
94382
99411
27093
40323
74579
77898
25977
2759
41732
18651
53006
5545
68282
82677
51417
45052
85589
56400
34375
35175
40307
73304
10096
4529
26011
43734
2087
84383
52622
40041
3621
79205
35529
23336
17503
88083
33418
48190
24717
67584
3201
9832
57600
35235
91129
75474
61257
64686
23496
66208
16329
77406
94818
94387
98992
5149
66128
87871
44776
66138
91215
86085
92967
52532
3261
19585
12848
40886
31678
29958
27572
14536
92142
70453
31378
50611
49823
16499
83701
33756
50506
25480
71314
84038
55618
5051
16817
78658
17067
47336
29206
69627
77936
76947
75483
57583
43303
48266
91434
45867
32195
37255
98292
53647
53256
32770
18374
85828
62239
62675
96127
46170
39802
29511
12260
11138
4679
8131
16866
93873
90852
64320
14404
58092
98274
82641
52383
80973
27672
7173
9289
46191
46063
43178
12162
70024
54277
25215
55150
31367
63973
11895
95999
94712
87745
3068
55215
20084
25335
11132
37995
76586
92459
93872
84614
26606
7392
23217
89606
56716
34803
67156
49247
82333
58707
33832
68776
80620
47015
95334
18853
13678
40243
15356
96208
84368
63045
58082
72626
81442
31403
18337
64517
5412
66382
88949
34770
50901
72964
32412
41228
19054
10275
78242
1068
29815
60591
41744
83187
7346
39904
4810
43975
73217
23203
48299
54760
75350
99984
8915
90033
94626
78701
39824
85977
12604
40316
84594
34005
65578
80527
74526
28202
324
78603
49996
20888
31249
82635
8788
78191
71791
15999
61461
8488
50985
25001
31202
15574
34316
26593
29127
93990
29096
84371
76785
44226
48063
83836
19660
60000
42392
43258
30565
9565
56468
2324
99203
19595
20890
11310
89754
7813
43288
81924
64670
83527
85243
86633
31072
80247
40958
17335
91547
56062
16260
97487
56655
53716
43614
50295
91208
93084
1896
40959
66101
63932
1575
54205
76773
42875
28901
76087
49672
68877
13713
12457
53234
44684
82862
31726
21466
27794
38280
5401
58111
71990
71172
56523
3408
34077
97111
62177
79270
17085
25654
62609
7698
74295
71978
29607
63969
78387
89364
64561
15746
82036
14300
98023
7076
64471
55330
84204
41341
25456
71246
55752
58735
18370
3960
87752
76605
12910
76586
11477
37066
47973
23334
28382
27168
38183
99137
24715
4588
70086
47791
59752
755
32455
74945
68162
98694
30083
56608
45983
15382
16345
54122
84955
48999
14053
68212
28802
80852
23122
16015
73436
36048
53746
4634
63371
34080
61735
97996
68496
7265
70509
93350
26304
18527
55603
61333
17207
5832
31477
21722
71612
54174
60877
29520
25072
70875
53436
71845
97753
42201
98491
96219
86354
62409
29105
90087
82115
84393
12780
46335
24949
9299
37439
91422
46651
91555
15479
45456
91534
29787
37830
29951
86357
39226
52013
18676
70974
78534
20904
97522
45189
26945
48376
19587
73214
93708
97981
62042
22152
62863
43626
809
94044
67040
42478
19655
75475
58630
16206
61433
11067
44641
47955
21704
73440
85589
2795
23667
51328
37880
35526
5383
59119
19916
24980
26466
75599
48927
18887
62616
21330
64766
8887
65026
47362
72063
54392
89502
62387
12375
20605
19658
46627
60715
22744
39573
15625
9648
66122
81646
81676
59157
57386
6973
39812
715
43547
72820
9196
65509
54837
82375
61001
3344
77291
42492
93360
98166
69058
85539
6445
65669
20857
73901
65349
44037
86251
37805
53229
49631
50650
48026
43736
349
96936
66040
54363
2780
98860
6227
73725
36737
60774
54304
55789
10671
64816
23990
53965
2423
57481
43525
44959
56203
88863
10988
42675
81948
22409
62611
28226
24717
5304
4599
86833
43575
66830
82609
64509
3751
14142
21105
29031
86706
8317
21695
50958
85646
11163
70308
43431
61508
73418
63641
20305
65558
86294
35381
46289
73448
7986
67771
99999
21470
32315
32206
17631
63563
77636
97494
97198
60790
24597
29588
74817
66629
23668
89962
71086
20373
13499
18589
68969
23016
37446
13280
20139
64247
82646
20112
65738
60805
43789
6325
30580
51202
59817
33894
89926
43372
40886
58456
5270
41958
18420
78911
87290
9366
41802
9380
91390
39569
99714
16384
88406
63636
94395
5167
25469
53951
60254
49483
65210
27035
53622
80669
69088
38890
89672
40206
83943
65665
86420
14051
13571
15402
51175
46102
60946
68711
74387
34985
57065
31794
29560
70769
60391
64828
74037
81031
31971
18313
68296
342
8556
22010
95269
53
69707
78261
7452
69281
64612
427
11474
54684
55085
98031
70396
44313
89735
55992
27836
4248
54127
15294
97220
54469
2305
97419
77454
64260
71628
82669
38434
7774
52516
29639
99923
93957
71739
40824
3702
50145
40621
81681
47258
73620
12679
26550
98369
69559
10449
37658
13333
51970
92596
16256
31794
2947
37393
35191
9859
64485
4251
49588
33877
61788
90872
62138
31000
89753
8756
63965
80934
11563
32130
81056
40219
90311
8459
24675
24581
9129
57426
10444
12471
1953
81029
66647
60055
87966
39622
5551
46491
62000
80924
41946
50103
23520
67203
6077
48453
62891
64966
4437
93055
82406
43682
63117
52530
91306
2229
14673
77045
20016
49995
21554
65232
23801
36333
79980
74683
59476
50742
26375
12996
17251
40895
67406
38841
16069
14546
27889
76949
24744
48332
65351
95188
92248
94456
77945
96428
35596
126
28928
62488
13534
44620
86460
52009
12095
72015
57493
70691
13123
38409
81204
44130
11726
29149
54876
87487
54566
27213
99956
9128
72710
85206
84412
94513
5365
8598
93144
25679
72862
63693
81160
15232
20624
13646
33000
31726
8566
98990
49700
28025
83498
78004
72043
1336
77995
36124
92992
88345
42201
12197
68939
50151
6265
53852
48959
57049
53330
14753
97149
55414
51768
13013
16959
27244
16957
41707
28767
34310
50742
75157
96445
26660
53003
33392
23836
43749
45902
18760
89138
2884
11557
51914
27267
51818
53261
82463
70753
22791
18890
53054
30733
29476
30086
13058
45019
51000
2565
4511
90362
19358
68326
52168
94306
95568
9236
68642
61542
8846
22449
96137
87081
9186
64594
54313
78697
41318
25000
46625
65164
30547
94873
11882
84745
59252
76960
47075
89999
28888
11950
28610
78392
68301
41605
14580
82313
51205
40312
530
78200
76118
17740
37411
4375
50644
33143
77333
43210
65705
29165
63796
69005
88614
41299
42905
82448
28627
22714
26586
3445
46218
27657
1144
94449
9111
9111
58432
63341
93525
95201
13725
45884
78619
79377
9881
18605
58198
62562
68155
11161
57317
59832
5581
43253
58348
54972
29751
86286
17020
97669
91564
55096
55766
7239
31353
95539
23896
64695
67468
60955
86029
28291
7071
92967
86220
38797
90415
26614
9631
53257
67848
76304
69906
63840
97044
35710
34188
29451
28760
90344
95618
52396
19337
93936
57477
28568
4629
36866
57658
17403
18143
57697
96567
28647
74581
58425
64641
95064
90597
92223
67026
95913
49378
30859
55178
78466
29008
8277
68014
43776
26506
32692
35329
48634
72339
63437
74025
73717
53591
53556
17606
31754
9127
91755
77698
62865
64761
56173
25389
17136
4680
32597
79148
32822
84662
15259
30236
9717
80936
49367
91676
14761
79856
16359
17091
54892
61428
1195
39710
18668
88512
48236
5609
85152
83620
83644
1122
21498
36602
18631
90192
25169
43723
72781
96015
10754
91987
72678
34347
69360
50250
30105
92926
52062
72031
46932
14701
64756
46932
62246
54615
12720
89334
56024
14246
92608
1670
25301
20029
38707
48910
21953
79375
25769
16158
22651
22143
54648
22418
37420
83434
36998
80395
38271
43998
32627
61404
36303
97532
92697
12249
59863
8799
3099
31014
46643
58058
28293
35810
41285
75064
36914
42052
17684
63909
71742
50510
73035
43227
69776
49
25001
14707
31880
5677
44857
82646
43228
66802
40289
58308
82533
63867
88732
72679
37835
36256
10930
49586
16300
82662
25289
43650
88741
96513
48046
9135
31994
76645
89884
61485
39649
6191
45692
5698
44721
61261
66524
84655
81981
94276
5374
55554
2833
1736
62068
86799
41174
47262
50331
22262
34508
38043
8666
86366
92973
60698
69769
89674
15744
89870
79331
67008
75758
83035
51624
81313
4560
34551
92652
69935
34767
26834
58784
25772
64887
97884
8926
45656
34394
35808
8425
60934
70425
48566
3592
63698
48885
94195
27174
83328
72230
82585
89347
74503
49714
12594
74166
83277
1794
87308
24926
43314
83369
42191
98832
94462
38450
24643
20200
69417
22202
76316
71172
42594
29674
19792
66250
35656
32800
84898
24998
22907
1290
24910
46677
24406
18595
18718
48540
36147
85522
8173
3221
79010
18822
97603
453
6609
30336
19016
26828
15292
64871
75331
6295
82203
24223
10632
26449
39336
44202
79192
22074
93454
90875
70863
37880
6422
37767
10238
12278
20936
65152
64179
30427
95998
17643
44976
61402
65520
17336
36641
27652
55784
52503
25893
25440
33320
87583
98103
61832
84198
70365
14440
55145
35672
82579
26565
58909
52701
11872
3539
17285
76079
83839
57323
79544
84732
54050
97942
23635
84851
77721
28612
41859
6379
29484
74691
71372
88421
74102
44447
5589
15896
60896
42339
81682
74839
50057
92782
3732
26287
78463
43390
72409
40086
33433
51846
18489
83878
14937
41357
98675
80767
21328
98422
61488
17250
15575
37658
20264
22946
74632
92697
42066
1819
4138
50167
92623
379
12763
43495
47021
56484
10143
83252
88097
20363
60618
43844
49606
85847
26289
69305
42565
55154
54499
96482
40791
41236
18364
14499
44819
79484
40164
19523
12431
67299
7295
576
13399
68456
99658
14122
14070
6394
27372
26914
32953
19207
85852
25870
6961
22175
56113
59276
82270
27306
6098
58935
57105
35039
45338
43856
44698
98888
68682
1975
59127
79106
36742
31003
87826
97120
51671
77696
26133
23100
70887
10499
41255
1051
30214
54770
11525
85827
62898
50154
39219
43116
34156
818
69119
35375
36774
94427
73032
35917
37940
41902
54494
13747
13227
30289
34092
40723
44858
24745
92656
42046
63447
20726
32845
78728
98754
68294
61412
33835
80018
32001
79069
14215
75576
98474
24723
53540
45427
89506
24150
96878
55360
37098
87679
97846
27321
94665
41660
17510
41172
79629
76680
78660
33453
83918
60594
37372
83026
50346
80672
22099
76018
48995
36510
8043
89876
74805
58061
26571
62677
20897
13275
14126
94041
15323
47023
50809
80975
48915
30937
98820
33900
55179
11811
8851
66856
74401
45164
27911
70768
95482
93216
22381
20668
75408
56511
66828
83012
50886
48253
92000
79362
43834
7647
1716
80611
27908
36869
4679
5424
89266
7372
43576
67300
86635
18276
13793
61840
46965
41739
9280
15694
73430
52832
70376
7023
37045
72088
12034
97151
15421
31217
16853
88300
22202
71784
5351
45055
27487
16296
17064
66260
40404
14511
30324
50046
43452
81058
79131
4329
99627
92758
85000
14686
66621
81380
54552
41821
27587
12213
20279
22416
35646
23353
62802
22279
86317
43061
35050
16516
89473
38883
40096
11622
39887
63650
13708
16097
82334
99957
10723
87768
69032
84591
43269
50804
14253
41425
74584
46398
32134
1705
78350
72764
87164
5015
13186
9639
26726
74406
16330
5683
8346
82132
96852
40410
51081
51402
39369
59717
26723
28827
31777
861
45782
11491
52716
92049
3750
25515
6870
40093
77452
32489
14342
40459
83937
40485
74762
71866
94674
65947
75710
63522
79170
60066
42749
862
14040
15787
37976
21501
85994
59616
32132
30372
74566
57334
23472
76558
80366
16794
22009
17385
3685
5879
14138
83638
83871
31593
89608
67934
10531
41777
87938
3762
85153
51599
73702
96468
84402
84622
90651
72806
67151
38607
16459
8335
27689
93096
55252
70791
30398
63636
58594
15667
27311
61242
79686
63801
60428
93529
63707
80825
79870
20646
59250
45215
16468
31828
9897
15133
32087
81203
63030
46970
37210
50966
93661
24158
71203
301
75802
60281
91208
96516
83982
6960
99598
44968
25216
15793
74740
27699
12720
69312
85164
49109
18549
66373
26735
6555
68252
45421
1058
88032
69153
99487
40807
37747
24419
7903
57854
16518
28941
71598
58407
83237
26066
44524
59380
1096
45226
11905
64683
93116
67663
70643
65708
9597
63925
67195
64963
73129
59547
99116
9238
87119
78372
1892
68798
5044
35410
41961
74631
52676
33162
57573
13424
64663
24739
62976
62364
23418
93991
84845
11155
94915
12544
14881
9839
8500
46335
21403
76129
23461
25170
75315
91393
53636
31461
28936
29817
29037
10759
88244
27614
9238
37847
73821
52646
26699
67715
24463
47982
10667
91168
3300
93814
99498
15471
32784
16069
30337
46448
61581
39199
97643
37213
95487
62384
25922
75939
25543
46553
261
86390
27006
72360
95290
17377
83654
82154
83542
50943
42002
7678
62474
61483
51612
37672
18978
57721
78614
88584
43014
13999
25503
78412
84107
53327
99509
32279
93787
15042
18746
80542
91023
11108
35977
46595
81747
42545
7975
51747
17516
68651
26786
80636
33855
88439
25283
31634
41265
48704
20741
59442
55231
64720
81372
8073
38316
21851
89032
10571
81945
60544
39086
90907
27085
23603
48951
14961
35315
51335
44719
56765
99763
59496
78405
30266
19165
95226
83810
89645
22604
29857
52251
12479
71425
93012
7956
54006
70083
23832
86992
59252
88922
98802
83025
30167
38596
91102
24268
98769
79730
47273
2262
62131
95316
50847
26265
60575
68020
3234
34337
55234
39956
58259
19706
16389
12332
55778
22563
29581
37264
97404
51293
96041
55870
66611
50246
91238
7145
7695
3401
65678
747
60071
96687
28053
62455
769
33475
83981
15267
58600
51042
32988
76131
79138
68260
3346
36431
13283
53358
40448
20856
72289
79857
89079
84677
26005
10530
74866
59820
71747
960
39713
84285
55033
606
6202
79289
88143
82980
65922
71603
15602
49754
20636
87560
11438
60804
16074
50504
32607
81635
69581
33808
70092
42877
92949
31832
67452
78262
33194
5747
7984
85707
88021
62774
59337
81330
84146
6219
83639
67357
286
82336
22287
59861
80398
34113
51737
11771
41069
82607
23934
79272
96561
83404
47662
5113
79606
71900
49120
34861
84094
22808
67486
31704
65488
11046
76082
57568
2534
59451
84104
57245
78093
65310
49185
73098
30606
76034
83758
68148
35907
51632
97712
98514
3973
35043
94422
30395
47386
33091
83056
84610
36159
10148
20694
13449
95887
50925
84465
1863
60441
91885
90918
30889
27062
42409
87246
14107
69254
40483
36335
33981
32953
67326
41947
91571
28830
46256
61874
56432
55304
92758
20955
1205
81266
36039
58360
82759
81236
10283
97679
48489
27449
62581
70128
73241
78931
83443
95797
61252
27416
22411
47141
58351
25495
88774
38465
96849
8340
88701
60655
81681
60127
94711
99973
12989
62261
54089
47977
49714
16663
92741
97457
78612
71095
32801
86515
54496
5011
45571
45809
41441
21725
56577
60869
19741
73351
16485
66240
52896
51946
14497
65153
51938
37668
61472
759
44230
84613
30917
49387
89421
1548
69488
92919
8472
28355
65641
48184
38266
96746
44560
14977
70047
66296
6158
61564
18048
4054
20118
71180
50910
6890
60116
54100
21537
767
86499
81105
93701
89289
57084
46752
74686
92112
2415
63042
53834
93251
71992
19635
95729
87692
80573
46263
949
12087
96913
86728
94953
9489
36075
70034
64552
15640
24234
41615
63881
30730
76697
20501
50140
86100
2377
30277
99224
71636
55517
42331
25517
92855
58563
59691
68908
55347
38855
11316
82617
27428
76901
63955
46464
4822
68858
53275
56978
73833
55003
45836
63771
78110
60789
32914
3906
36000
92727
19695
78019
82120
55094
615
57365
68234
23683
46520
7418
77111
82942
16061
56212
18603
79163
62019
68292
65789
56226
98369
71880
29848
48289
76396
20193
78909
10589
72278
59458
72762
60503
75126
43366
88224
84172
62556
40655
91145
2668
4018
55284
95277
22207
57745
42843
82396
8754
62869
28744
77084
58876
30205
50092
89223
85401
49494
25017
24675
29328
30596
6079
58956
39707
56958
27604
41118
67809
50789
18632
98120
43454
62116
23687
45844
95098
34629
9043
2720
57762
59031
36815
20398
2518
56492
79254
38575
27293
70367
53075
40906
13496
25068
4508
17463
63351
18045
25506
54803
66036
17662
17652
51960
53235
50061
42676
57807
10222
40095
6282
28141
57595
20050
95595
81997
73555
23112
8424
77812
39197
2659
52872
96499
88737
53575
22777
32995
32993
38208
44967
32334
56157
72772
24255
54602
56518
83521
93033
15700
26863
64994
56829
82617
65064
24609
89962
75318
47129
14922
16328
45437
48574
3241
83355
20002
84348
99811
79805
44536
44221
74045
7645
79646
42642
24637
88067
51000
9621
77942
19300
29331
3948
8869
13430
83088
3998
16752
26455
63645
40944
33439
20892
87118
92898
50394
54662
67381
31464
20855
55417
53134
51103
23340
99164
58465
67720
39782
62356
18823
87606
87129
27735
91214
4421
3650
36002
86175
84130
61888
11871
51103
27861
58403
39945
27451
53025
95873
59540
90913
78971
83641
33632
26934
19105
62257
54847
78841
3592
61416
66557
73218
37181
11616
12091
94454
97902
65057
18094
32084
3813
60539
14795
45805
69118
90155
75167
25949
58500
3895
82995
66665
46083
36967
27307
11835
26734
54955
19064
64821
33893
17837
95112
11824
30804
34526
87426
84356
58685
15285
78599
15232
77510
15591
77440
93749
66751
58816
21820
40960
56218
5560
95640
104
70457
92623
86270
35656
52281
9008
45428
5726
12798
92880
74192
12853
84985
93024
634
16174
83070
84213
30676
38265
86542
59416
69268
31684
27440
8185
83986
25615
79128
15904
56981
86445
37243
95350
18430
31804
85661
19646
74297
69862
54125
53851
84154
11935
21703
6782
66331
72775
97051
78827
96003
40844
45472
70276
34223
58438
10626
25501
14738
56810
84989
38600
27208
84378
17028
8612
14312
22302
12598
36041
71985
85052
5111
65478
71048
74111
80065
1409
30483
6301
95587
20455
29161
65397
19281
50941
76505
66982
36518
64631
4694
49383
53976
76737
65909
17655
14209
95255
53108
24397
41607
64785
45554
45969
62311
25823
6162
78405
10750
67902
87915
49583
92823
1512
57686
77772
86976
50396
16675
68830
89235
9171
82175
27275
18212
25852
75502
74080
42102
54810
10897
21965
47609
89996
79376
76923
2357
49450
98320
54522
36246
90411
52604
34058
71600
74520
93694
63886
34097
18639
11807
78174
62635
78307
51863
89838
42070
48548
27634
32486
16059
67304
35989
12170
18409
12722
12900
77731
12021
92360
57283
88216
75697
27119
67228
69289
16627
35974
73918
34926
42359
87749
25896
68133
60311
39082
22614
49290
52425
49682
50132
80832
24239
12781
96026
55163
10871
9054
49308
21798
83609
25507
89127
30465
5463
83638
67235
13319
56671
80674
18551
15442
11383
25559
62659
19240
67165
40260
23695
69103
77969
7277
9402
84454
56830
27215
77344
2777
59523
63691
32105
5831
81762
55086
23654
97982
6832
65734
33034
92413
39302
82091
75214
34876
67834
91627
75536
32792
10006
21335
21561
67077
10407
42605
74427
38955
90845
27533
40429
79784
9896
21566
18130
36068
70092
81013
59023
99740
6524
24037
78616
3463
40889
27752
35870
32080
76633
58281
84924
89194
60877
70429
47722
8658
85433
45234
91847
99826
93254
1201
82929
48407
14019
34905
52770
37715
79858
35842
69260
55056
81118
83772
39618
93354
30346
81618
96687
20385
13000
3267
5673
69542
91587
68643
46654
55647
62716
68599
11242
90926
2863
10976
24
96469
45531
52625
18338
12823
58309
38478
97201
35542
31589
28351
94680
88540
57649
8227
84745
78224
93935
78672
29536
34799
39293
23529
23436
32000
4815
46854
23309
78624
32968
96233
65350
79831
86
97532
27248
96555
25945
72803
68186
9911
79754
86302
15811
92114
45115
3162
94911
83557
40002
79041
88551
55911
24862
45187
66327
43369
16970
9964
67316
48553
24390
33824
84365
22523
25706
24482
84790
13580
50151
27855
4191
95616
10043
39094
53309
38784
1178
96639
37656
62818
50040
80911
48205
32446
76590
37590
2925
17765
72461
67842
42355
10261
39377
6095
10761
7384
6873
27612
8552
92159
51127
10611
1253
84451
99996
63762
89536
51588
34969
35250
72216
80334
5410
30080
47871
65991
66623
42039
11365
94179
20966
88021
75118
59981
41382
96649
9537
36101
64353
74681
83723
20114
55347
27935
31400
94090
41984
31074
30721
25428
17035
49184
80660
22775
1703
81704
25331
98725
68473
86950
37363
69335
94455
43184
17508
92134
5120
72945
9272
39860
86458
75861
47411
51440
70092
57021
75592
38666
15163
89847
1925
28818
64168
31398
8851
50768
58389
74824
61036
17644
24445
88528
60416
79490
86477
27088
78710
22624
91669
8506
22917
26626
36156
19354
77833
27119
80551
64515
44010
47303
8459
44749
26187
47433
32224
75089
30770
91204
71320
28273
46069
19060
17791
34493
58310
94143
5353
804
13321
45226
41742
31459
69385
28487
9618
2479
40126
85642
92962
23589
94514
7015
39536
49819
55951
48077
12835
88999
70456
65669
62347
40339
56515
65302
1482
48814
43076
24588
22808
56941
77952
90129
52529
25088
68198
64293
42300
66655
12337
85635
63764
38618
91349
80895
29482
26183
38226
48986
86411
68782
2241
9913
99318
27215
74174
42626
79621
84758
17299
81920
67634
35582
98639
77087
13211
84726
383
47262
59764
14134
87115
99900
96978
55506
69615
53623
54777
61767
65475
37105
46388
83896
69019
82295
70227
13345
98848
82137
28930
77511
68613
10686
79812
75629
75451
72032
14778
98574
62844
64742
168
64004
80433
71915
90139
65116
59710
92988
11396
64558
78570
30830
52457
80522
50672
41853
63481
76569
78104
78000
46795
18804
91527
35852
57888
1385
25086
82621
54660
34869
60963
38898
11074
14975
57004
78185
96917
31445
55076
29561
15257
2847
61509
88269
69833
26011
19314
64865
59777
20179
62429
10561
50334
78069
15368
55719
90163
65439
62520
90081
19265
5098
14896
55667
54758
91387
13225
36190
13806
50981
70369
17176
2604
53540
96219
23836
18525
47431
73997
26416
88173
4219
86348
60862
57012
15562
93235
12915
70402
83599
51459
56204
23709
8992
69434
82146
66548
21046
80440
9987
26559
20641
97667
4016
77590
69733
72729
40711
26314
1441
51689
20369
86058
51975
83290
75270
99620
42247
28650
20303
80425
20194
74342
26666
85689
66938
88346
11039
75812
56404
96401
20239
84641
86825
10769
91017
428
86606
17626
20353
46441
62377
12990
32356
44235
36987
99567
25032
25442
51778
71981
96468
77978
40304
3526
34308
79258
79939
63132
20369
83797
38130
28091
84263
82727
83641
36307
37365
91777
3629
3068
4805
30023
99053
9157
63213
21780
49461
40967
40867
11253
92268
57902
60126
46865
49029
27543
72934
55783
57766
71526
21020
28433
39686
95668
83798
74968
41693
17285
4308
17742
70586
21416
43157
89105
68867
68063
46996
17690
60313
4334
32760
47844
26458
64285
90192
90192
94099
2148
26227
92618
94561
21643
29994
36084
73443
88099
31403
32119
20036
6706
1279
5122
72622
73414
91610
25461
75769
3355
28303
74082
38007
74309
25162
55979
53881
33012
95302
98730
90369
70663
35955
533
34673
55149
65340
89902
22605
79602
61155
37497
74350
88959
18714
14052
20041
14144
21294
71700
2768
61198
40229
58913
68330
21398
42202
47595
15316
77526
11488
71697
26261
4540
22825
84540
27621
41761
94105
4983
80981
40361
77693
59837
3573
92306
36018
32231
26428
19229
214
86738
57992
52866
83767
52364
27868
41196
27795
43112
21985
6347
86676
57340
73355
17600
26825
1488
97963
38250
66047
59708
82218
45733
34922
58170
72685
76923
64657
61439
20966
94341
26436
86627
92266
26911
93059
53227
61018
36976
37427
12171
23992
68998
6959
31014
90822
45584
84232
709
72493
42196
52724
99062
61836
77594
58401
9733
42271
74475
76138
47862
56689
98176
83686
87715
47221
36814
77749
69623
99819
31227
92729
68927
13320
95364
39742
64888
26746
41148
62340
88156
19447
40811
16190
36984
79486
23528
95100
79649
67253
55510
98427
14840
33098
8972
9938
66235
6377
1154
48014
48232
90175
67434
72009
57619
77535
56768
4768
73002
9371
1032
12149
30816
31250
57787
12090
74676
65089
65149
12703
83796
98729
11367
13643
62610
29879
63583
68027
78800
7452
64140
14089
5750
26753
76251
71193
38843
7182
51536
14502
72675
16947
92945
70597
53778
10280
52139
46043
15540
63915
44334
96753
57662
30777
20208
23436
80712
22054
11440
51179
94488
27383
94522
89457
68227
45080
86773
25537
36111
28893
23999
63440
75968
25678
21931
2240
27828
6420
70393
34032
57798
54600
99502
36013
84498
67618
88487
15614
55883
32141
84616
40394
29
27016
72105
57329
93347
38995
49249
26288
74754
49868
85347
15605
47847
92041
44256
30375
2895
6664
15449
26689
53105
29296
26778
48416
8038
65553
9293
2819
10337
41212
28937
58996
78547
37933
12476
94654
28575
79459
94389
83795
70464
53439
87678
92443
93101
3272
53799
53871
90429
33683
52552
90840
13419
42686
37966
35186
51932
90664
73829
49819
65397
25274
65405
24211
3191
51545
63686
41189
14939
81951
41580
10112
89273
26819
93262
36233
70177
49504
69033
84106
29652
42101
95164
514
28303
62334
25979
35141
89280
56549
74350
55673
48029
5497
9910
68128
13923
90194
48606
53836
97558
87575
97559
97017
97662
8298
64868
12750
58783
94146
11933
16995
57264
82941
64622
59513
69469
22506
77374
81677
66529
94947
37235
48191
51737
23715
89367
12254
50036
97212
8203
67432
27354
75914
40533
43964
76929
50220
98770
51993
60875
4480
87479
19363
88062
72601
15140
64472
30028
40033
47089
89236
5783
62426
90677
72175
11954
90806
87656
29459
66168
99638
19020
90497
95661
44853
61952
46400
22641
20076
91024
2947
5937
76325
60295
22575
2347
87617
20465
20347
10630
31615
37527
6585
29245
40620
38888
39827
31229
40360
78310
69309
66004
41857
24090
21126
32482
78607
59294
83392
4698
67146
86681
28502
4006
55049
87211
72998
35483
