90241
91026
86990
28650
68806
54724
37912
12573
8948
30543
59857
6196
93511
75171
47140
30879
3977
90357
73058
99623
64649
82209
67029
64166
74722
75013
66132
56026
41431
10584
92029
35254
64281
82549
80445
75337
93531
81382
53303
23627
71922
77719
48261
23090
24817
44976
15843
45140
88221
83405
90874
38289
10850
70349
18682
88806
60116
43913
18839
65626
16776
76472
3729
74778
19794
4071
97110
59234
89747
68194
59905
89449
52331
97840
39869
47423
57650
47873
67865
74161
27829
10430
36324
4318
8289
91670
73115
24045
992
54324
4773
21560
23346
98315
14864
46471
54274
46060
45234
5919
77886
94562
41351
27105
8498
61236
9461
8221
17023
28920
19470
58033
66272
70562
46257
75494
22631
55973
15803
47233
22516
39651
79952
67552
49394
57727
6403
32635
44891
9594
23978
17163
33396
18189
73934
56992
56385
29312
5064
70495
48320
97063
61945
42429
90781
31219
85044
51223
33209
22446
11509
97817
45257
397
30630
88252
27908
69829
12829
22107
93701
92933
64220
27368
36857
73371
76636
69672
85687
68636
34952
64718
18917
83348
37697
81905
1507
45247
80481
93026
33271
44727
11564
73661
23769
97880
85461
76609
43165
2696
50613
12513
5698
69124
99227
55669
23237
95335
23737
7252
83055
42928
15935
79751
56852
31425
85029
39934
88166
48899
6343
58603
81604
37060
69566
67724
58663
87911
88991
40905
26998
87103
27279
84437
91909
92076
80025
75580
94671
78646
24727
45328
93780
12887
19583
83119
95636
29538
96627
27388
82988
35073
11075
41264
19692
47104
23405
66936
6113
82529
45932
32550
36042
37222
51623
17695
93383
164
50523
47980
70927
95136
3913
58478
27909
52297
24434
22159
20815
56887
62079
4604
17098
15069
54399
8652
63044
74912
60190
18982
26996
68428
86328
57914
25675
72272
90207
5852
41452
90073
70147
40295
29136
21934
67066
88407
70973
82078
16747
66258
64873
17618
71194
58475
92623
77753
88789
81840
96124
63782
46588
9971
32331
69038
77425
18038
24929
9393
76641
75356
78775
52728
47656
24830
75781
27573
48971
16253
91316
24896
68335
20018
39941
35550
91841
34950
23847
80562
53585
51780
80052
95091
96278
36394
98917
8724
74501
31885
22922
2819
35808
10264
32402
14710
48882
22705
4126
19060
96777
43339
24419
65077
21457
16814
71866
93340
75522
33069
49909
51587
76340
11350
85421
96598
70269
58867
92450
84881
51264
97916
71099
10922
76918
24992
13891
89248
48571
74504
23032
61301
86460
61150
78744
75889
56898
72767
1454
72256
42862
51414
72272
64446
38628
52812
46942
23141
356
36629
63581
86048
83669
25942
79414
66430
10358
38579
30181
97344
190
53243
50974
79453
90071
92861
13795
53545
38754
51473
34554
84155
23906
52862
6760
68214
15726
43496
83110
72970
68161
4190
98105
39190
50251
50060
96833
82097
54566
65925
89796
69962
87152
51791
33262
56715
2303
75990
19337
46440
92669
32529
32831
24593
4315
46753
90587
70674
65377
54275
17306
55577
60788
97744
87395
72988
25761
42145
12426
16542
37922
34271
73649
49130
57937
42234
77295
94185
1172
62731
73186
11716
84030
10070
49369
36904
24672
41117
59580
69911
92950
91469
64554
15407
44346
92779
23941
88176
75172
91482
15512
84925
21891
92894
39109
88183
14879
82337
78202
97394
58083
37553
77527
74395
79454
18640
42778
14153
19741
5637
66672
97832
6741
39256
38741
58611
47237
7140
56018
36567
59216
60854
60173
14162
29565
12157
24965
70105
5183
12369
87058
19496
87445
24056
24731
57850
61128
2187
43173
11201
99491
62083
38325
32127
21611
23531
32476
40420
50528
70254
9006
27450
90457
31707
32474
43844
60952
99485
49083
25897
33488
54128
95947
7767
29260
61912
20036
33704
75015
61038
15482
88057
505
18343
39757
66360
6580
96872
72799
4321
91137
73644
21464
2461
19221
74095
84055
69467
47748
97826
72552
60773
84576
48139
60837
95355
90488
94255
23261
99559
94850
50547
71407
20547
82496
7601
25598
93238
27363
59410
9355
43779
62603
91865
5873
24321
85966
77037
62423
67920
53977
49201
54168
34821
45561
29159
56417
87145
81842
7503
79774
77825
96598
47670
28366
52982
3722
13025
40817
32611
34549
67567
34251
93495
91611
93187
7369
43329
86315
56499
92384
63023
94153
64584
19437
23738
40341
29259
63913
80563
76821
43336
27717
86586
13853
15267
78148
53462
31507
80739
56627
71075
74607
41023
21313
89082
48805
45358
38917
17608
79854
40308
26516
77129
32496
30043
51447
95810
57485
23831
66610
29636
81822
83096
44674
23110
69249
71148
35645
39017
18894
20420
5867
91716
62508
20029
82752
40999
2258
55677
90016
6206
13779
13365
9444
6168
90654
92767
46161
78495
54835
76202
55249
97561
76719
21592
64995
16152
16221
44806
76830
53383
45098
62622
4187
23995
60984
71375
90380
89652
2733
40494
41910
94904
65566
43769
15038
67123
94323
29367
7566
34474
23041
4386
60325
5100
83536
67088
62565
95432
3201
97763
65777
74649
97401
49153
69415
74815
72928
32716
39663
7599
71850
27233
53593
69705
21917
47529
85695
58382
92955
85761
66644
7570
26207
97803
63337
58077
31752
20950
85178
12849
25851
24003
66864
66246
12256
67718
27948
14195
68313
93330
66853
50408
47937
27926
36938
126
76960
80723
7250
32325
23301
94557
8280
23705
44928
18858
25509
46373
9589
16528
16701
74576
84162
56319
6815
88891
91700
93394
71980
26527
83816
64909
79494
54861
95296
48167
29144
38279
9806
32475
55138
40491
12422
75419
64809
92626
8468
72941
31759
42043
14773
60880
52343
6819
73477
566
14523
21356
95634
27207
44654
84701
58984
67675
56329
55490
24215
72358
33747
17724
91367
53513
87901
36058
27412
82104
93209
84766
5805
33820
69438
19080
26150
13802
24440
45365
38880
78980
53176
5457
49367
14685
11485
27003
87525
17904
85426
90285
59823
58922
40550
88012
71680
49912
23070
65417
84445
95191
74472
31732
46128
35708
12084
61706
83358
53896
71030
53360
21156
62058
96409
63802
36134
25747
51733
13100
28871
23639
70245
69862
72383
7847
70930
57974
15730
49904
15930
12609
45875
24119
11335
57781
82103
66369
22487
77446
4801
24919
2105
91840
26023
46589
72251
20910
91239
47149
64404
67216
19760
17137
14775
21204
57926
84642
76232
54728
7585
3904
71697
94875
82124
73224
99650
30746
76365
3057
18918
55188
96981
27522
55203
39516
60226
94980
10948
58402
44352
64114
76774
64928
99924
30308
80102
50570
97605
75561
35106
73845
79896
14519
99102
13912
38742
51682
58209
99275
22069
91093
84962
48862
59513
4606
40175
32506
9734
97223
83277
67542
36562
80659
76098
8834
58250
68857
46520
5594
49322
11726
13214
61678
15646
5448
27919
31389
3605
4080
61549
28316
9292
42468
39153
1116
10643
13385
24353
8975
639
3699
33316
7569
69501
46345
89436
93880
4682
13867
54420
92432
79069
78246
45165
60877
22522
73964
66717
67800
66778
32122
65001
98017
77722
89937
96762
60528
7799
24774
62259
29305
11448
22372
57685
82840
82358
61291
33949
94361
46447
97260
77980
62336
71950
347
28529
90970
52371
68119
80225
84456
35634
46835
69453
5226
73798
41676
40403
73069
4660
25135
9455
94950
60474
82480
48622
42488
33968
13636
16707
66396
41637
90523
83497
29080
64288
47528
71419
83249
97152
3111
5469
10195
28347
23613
57759
33900
39199
40443
83555
90882
23572
72574
85505
11925
63246
14273
78208
15637
49166
4426
92629
58926
36913
67296
95786
82394
32793
89568
47491
5689
11546
63361
7451
65606
42514
22609
91340
74648
96916
66771
45703
32219
19056
47458
25596
60744
15866
13172
11979
69629
55329
6700
40996
54981
19879
82261
13751
52200
89915
23317
17831
60817
51910
11422
73113
23851
13318
35805
13495
24923
71418
12595
53555
21616
38642
74114
23544
45269
2632
95570
12345
51553
74044
54499
88770
93933
28095
88074
12292
16916
43918
25285
17976
72333
16240
62677
47951
4770
56907
4209
33686
325
49215
48741
6087
50442
10169
48411
32081
78681
84675
94710
12848
85998
53237
59942
98001
15842
57446
83470
44988
98329
40217
35358
918
46547
4940
64306
11785
85444
44650
81308
36653
68974
20750
90855
59358
6240
89032
49757
44399
66302
69301
34630
69074
830
71561
48610
90384
69279
65092
26931
79042
78810
33687
58699
46243
53868
60226
82348
5341
91855
32222
18701
85820
57037
1871
41165
42789
89397
92411
51494
22600
30948
35882
58272
3968
97931
10215
14153
37028
37700
33864
87887
46450
93396
48792
36960
12608
99212
39463
21743
25282
26170
1873
59588
66667
43273
61383
54943
40788
6364
98189
14519
52253
82200
14185
43203
54038
70506
29017
46936
13592
6589
61713
20900
65785
89094
16160
23334
24607
79064
91592
32559
81961
62402
63344
52726
37859
83775
14608
49261
19736
63274
19041
20704
99614
41542
9688
62966
61311
70392
76220
25543
20935
69689
63066
1022
97256
53745
8099
28183
50887
37911
39415
26138
65590
20510
18133
75110
62701
25109
79372
83692
71770
21826
11337
68053
33390
35092
84523
56160
62671
45428
31195
89560
87165
47706
1373
81433
46501
84823
39682
63093
67455
16961
76510
41566
65704
66298
44735
49363
56900
8903
11280
76238
84977
2243
69399
96000
15136
83758
46146
91400
24440
50514
29141
71279
91648
16680
14056
84596
49376
28792
99856
64606
31018
9447
98251
58799
87672
9184
93007
75917
45628
72951
48317
39333
49241
61617
53794
64900
94935
5497
10355
3902
61034
19372
95862
22764
15587
65442
28701
91061
51265
28894
63520
39173
23779
86210
88582
2314
51567
53831
61457
45552
43982
87165
73993
71132
21872
7251
6019
5510
80165
16681
54982
90709
7905
54618
3974
23474
44851
99676
26813
95978
36146
56680
29876
28577
1195
52766
51897
71609
35975
67002
44728
1180
782
70534
9787
72086
18191
1730
25733
14390
24662
70589
52918
4075
13711
38579
89993
58290
10154
69217
58946
10672
71861
59909
5415
24612
52761
3609
24093
32566
43944
29608
16379
69639
63439
54310
70000
41460
68684
5966
50300
36335
68291
92051
51084
19174
24190
12803
25494
43241
9846
56211
39262
22383
73934
29945
43692
96264
81235
64833
7980
62232
47095
85672
66731
78985
65674
18598
66200
45809
97270
64222
99112
31634
74312
46166
41772
3960
35952
25431
88428
23237
90139
23317
60136
81064
85255
78003
2651
94799
51393
17669
55170
90673
55845
57111
85314
82801
16179
33425
70
44135
67630
75446
68369
3827
8057
70919
28919
99190
78795
26988
72366
35714
27490
86695
23631
44131
47803
36995
46957
64857
77104
38401
94842
72852
61569
85329
83456
51322
43300
39420
79971
63563
58876
17231
94462
81567
37851
32595
23001
2887
31889
50163
15728
7008
46269
36463
54838
5824
63397
71596
62231
55640
56305
65411
66441
34309
58007
72588
76483
62437
52015
41422
37661
93458
5255
4621
83445
94265
50385
62590
1022
47842
68139
63721
80775
84329
97262
53453
83716
75209
29127
6759
55068
82840
75871
49988
99353
90944
71328
32076
36191
60759
46212
48989
59570
8095
6687
48081
43090
474
38952
24381
4227
59160
90808
90943
89985
18992
76268
2728
55096
92302
39781
67333
42987
22629
64157
54645
56181
5592
36633
45823
25428
97575
94478
35364
61049
43811
41186
85541
47331
6128
17804
20989
24752
36452
94614
68717
68551
22575
17957
7354
16575
15136
54095
20617
27091
87828
95598
48262
22686
11789
22551
80047
44787
49903
61940
26772
65614
20902
16973
77637
27957
76327
82679
3947
23769
67643
564
57430
50785
87693
3457
42373
14076
17334
73810
1884
29590
77530
45635
44039
29461
12047
12829
94835
4187
56059
41535
38103
40758
25864
63956
15352
17730
68315
51366
88865
63793
25585
93713
41114
32393
38314
27185
25385
89105
63694
98767
56254
90629
10143
68631
92888
17350
79898
9361
91353
43487
30921
86064
90092
91834
82747
63464
40972
257
2367
2506
9454
20862
35761
47620
82992
27320
95838
54497
12053
24904
84494
86935
25972
65636
58120
12305
39895
89820
980
68332
42491
21062
85240
52290
99638
93386
9155
1558
55331
65488
37636
7713
62863
29349
68121
39238
23499
27124
98660
98922
73216
75960
19943
52724
97872
28872
25871
71449
88822
19235
24641
42786
53060
36306
86831
15238
77398
35926
61743
46856
10775
5640
74897
57345
20798
16202
61321
16469
75850
22739
57763
47300
71523
38939
31228
66404
34688
57331
14989
44482
32512
81323
28339
97797
49974
81237
54113
36242
58130
78896
49059
15435
12900
90338
532
6550
65518
90193
33500
26237
46109
80167
63574
8424
37312
1629
84554
36025
95110
54739
41796
53977
47736
3135
47130
62652
11359
9368
40854
20014
25876
97236
62167
3435
37987
10968
70626
63561
130
41236
59928
98342
91617
1914
31549
53140
17911
52385
76612
20157
54127
54500
29433
77565
63110
69582
90985
10820
41362
37835
93384
78613
93162
43256
63782
43585
7093
83248
30326
83140
27307
8422
88650
87565
56413
86680
22181
29794
98041
51102
52848
38399
68438
98499
10098
66557
87099
56407
54716
67450
9793
39366
80385
53853
95108
20882
71861
26534
36111
46804
17767
13808
43569
61545
65601
7783
98407
29948
21204
42139
21770
78441
26027
22678
91278
30551
34960
20078
34539
16521
58314
25922
56426
55847
15846
49616
21347
56404
14579
73826
25486
98669
37649
53612
55818
18847
8149
42345
18952
69358
4362
85352
58502
41537
1549
79598
78127
64984
52233
27834
78724
42602
30956
70834
63339
27089
44949
41141
57584
20430
99908
20666
94452
14302
1099
22793
30805
14436
86358
78179
37012
3421
2894
98501
15644
2718
67705
40213
40794
29757
56817
65913
38808
99936
92048
92352
97473
63272
28282
88518
23963
98484
45306
58673
37763
68405
41164
85916
51486
59397
38227
52530
53460
40386
52081
27237
47543
31288
25109
17902
73131
28129
553
94769
11514
38552
5849
73904
63719
33878
48828
64012
906
45233
69083
31878
1356
38365
20212
65072
74250
45560
65989
50766
38807
52888
99764
42940
33518
6070
67766
14317
94847
8476
27864
59008
17937
88070
84778
96350
30553
80175
61921
78737
41638
27384
58074
48246
33265
20387
82588
53735
3873
11533
62141
39176
58097
81754
65192
22084
71526
52209
21967
3242
77945
11527
93046
24845
30299
22595
37033
80359
69727
65156
40063
86423
4725
17212
46676
42715
46663
67537
45857
34266
12222
23255
64493
13038
62936
47666
94436
16635
32699
90425
73605
20197
81210
51133
48192
64666
54844
10255
21696
51870
65666
12773
57870
18999
50503
27155
615
56356
66206
92131
90609
32357
59897
10051
9527
60298
31177
2574
59911
67033
16436
265
6604
17904
18773
85795
86114
92794
43269
67409
58027
42094
7480
85275
65337
98745
30445
86992
36971
65623
70590
52055
58416
47511
18664
83554
82340
74515
95221
10663
5601
71437
74018
79249
30716
43455
59646
49996
8394
73604
27254
50635
41261
10174
44763
98737
70314
73206
15061
16352
27828
2978
63578
41621
28736
18038
62948
19818
21138
51739
49038
22802
79909
24692
849
9634
23855
18138
17160
7225
96649
50027
93289
46744
8573
99931
39721
67878
85831
17283
75440
7409
7955
29622
55246
15837
99873
60447
47002
14497
74948
18579
54096
25926
16050
88108
93313
8586
34127
16385
20742
34150
20291
2387
6423
5981
434
82582
54656
5678
73823
64327
7949
57890
35519
43050
80678
25518
2224
71579
94793
62462
59159
49305
4423
83628
63454
14129
55374
96855
56997
61624
22107
25203
20131
25398
80231
41700
28730
42464
91894
42165
19464
87871
58733
16602
76384
73221
82981
60481
75787
63298
55547
12356
9979
81890
44598
33809
93501
79265
62892
85822
93431
29396
66916
58820
87663
58227
77279
71297
20137
39384
90530
93567
11538
91831
87796
97537
81979
23434
28853
36449
81207
52877
51016
23803
91072
32628
51569
31533
96496
63181
48490
43302
23397
10083
91502
21759
44725
96925
72326
35445
71472
12429
87701
26315
98531
34368
5069
84160
64669
12614
34215
62624
82713
79512
68372
47650
92095
90809
7656
16538
72140
78945
1399
97483
15268
83929
52255
87250
62951
81618
69615
67254
22749
51453
75842
53783
50471
95549
68665
49106
60698
46212
53872
81801
93811
54462
37244
64103
87395
44593
60144
13659
46366
67465
632
69263
94074
98352
97453
25172
59276
33957
9
64184
36993
84854
51319
9946
33617
79362
3678
52365
13448
38626
76006
57716
47919
61920
79888
39716
20478
74498
85950
76346
16220
63422
96691
2477
28482
99446
45212
11094
15694
96932
27256
69358
77790
38403
97506
65536
28266
78323
79857
18920
9726
86737
20580
70026
83511
79522
37181
646
23334
20976
66044
27009
59399
9603
68131
79129
1340
83237
81198
62944
97842
74028
13691
48830
73301
61996
58841
54353
81313
49397
34371
98998
11969
69808
80845
88893
88745
50832
5776
94568
23972
45951
88305
20255
5245
79914
3187
98756
53787
98368
69510
98536
41923
29951
52613
22106
42443
2777
64845
5799
91693
5342
36000
9046
20651
62093
96538
30649
75403
67473
73382
19589
47598
6325
96950
4583
37460
34710
31844
46710
53120
79035
48545
11649
14595
26773
92852
77547
70085
95553
29217
97850
78704
30913
4006
66540
43581
86467
6367
85735
77880
49880
40385
24413
34355
5200
44071
16525
98229
87213
26837
56898
87300
55155
78523
21258
76625
1095
37451
54174
43514
68396
53812
26699
65216
84466
65152
33426
34005
67280
36376
48971
98447
68740
36133
36570
20352
85624
44904
59572
89632
67991
69774
35784
31891
43312
67083
94122
48237
5832
98697
72715
50813
69830
47991
29803
85783
3314
54095
99434
29020
9499
97475
79834
17688
23836
40381
95660
40349
26777
8641
17165
41804
72777
26209
98151
95359
69322
38625
80999
45362
10145
72933
71670
11347
71360
37903
33365
60044
35785
95949
82329
46309
63495
30465
48363
58688
50948
74024
58344
25823
98445
45319
86871
90837
7914
32961
43454
89388
83346
87748
44181
16098
51438
70560
22537
52492
83412
59203
94696
28967
14148
54253
10092
21200
28541
26799
88689
47634
6298
9096
50329
43709
27204
94393
57163
8240
83686
99901
14489
13300
63812
99889
11997
25972
58427
89607
93491
23339
71703
18673
5164
30628
35933
90590
59852
3999
51759
80255
62302
97226
96520
64156
94238
27359
13601
98516
65386
48410
80360
99188
72892
10868
83862
16610
33893
53670
60190
77487
3723
75936
17917
75211
7884
29063
54178
90077
43059
20718
91891
46834
1222
93212
64124
7621
7846
54386
92323
47472
73836
78226
41476
15500
96140
31116
82683
89720
81159
98420
27869
66276
64917
23686
31694
62224
63322
11138
30289
89495
39246
33337
71000
61210
96746
37450
25694
1355
84698
89783
29987
16978
41662
72093
71102
53092
25587
57759
9571
99055
28675
77966
26613
57940
68850
29721
95903
22482
75058
18676
32091
55336
75156
5420
87075
7488
35873
72234
35671
46554
39455
79220
48924
75606
34175
54561
46386
61684
28995
34278
97730
76811
42598
39252
43773
64048
70292
62506
3924
12225
24250
93770
98286
43434
29717
95685
62081
16950
88786
55760
53053
28510
11717
51671
52171
49072
94877
43561
31642
54583
68832
89869
50498
35005
4617
56773
1704
36696
30260
76825
97872
8708
68755
82931
59684
83748
64707
3320
72292
92840
32704
21249
36913
4585
3707
41787
86206
24415
96680
94720
5522
93111
46541
17465
91595
39575
33902
53317
5231
97034
81146
90114
20801
51570
87090
80025
34366
42396
2879
5026
72461
30775
38085
37823
15218
7970
39867
4107
70497
19095
87470
30635
19663
54693
77587
4391
59484
84581
71179
64958
10433
75933
36234
96476
12910
95636
84489
19887
50135
42179
73633
56184
30853
35189
6512
30453
55936
94666
74871
45722
39207
41862
98796
11068
44086
80600
28972
24481
87269
19951
50589
96692
89103
17178
70235
12020
57918
29891
32187
99201
77869
92745
52820
61451
60269
14940
96458
15605
55094
37955
69388
88472
82671
84739
90204
57666
58057
81069
74867
48812
29901
21898
69170
5302
55017
11847
62647
33041
61261
16574
75054
63831
91877
43321
31342
94077
97887
54279
30521
23324
15521
84947
706
6176
52263
68240
8247
65953
34729
20834
16783
20174
54380
27446
16786
59732
53580
14415
17105
64265
13376
48485
43525
12262
79029
62708
66994
87808
33405
90556
62382
19741
94514
79818
64489
55156
81474
63825
47590
88903
64992
41225
34039
65069
26035
48834
38854
54170
56290
93875
45489
77152
60738
74180
8664
33217
41919
16419
3741
90012
55689
44626
8547
30017
25177
96027
53836
99183
17801
49406
84184
353
85592
17355
37994
49519
44345
13012
27087
47392
83080
45183
24369
49597
56905
86789
66547
93224
24009
81316
2334
52219
67946
19746
56527
34483
27535
31259
48309
69004
91309
67106
18896
13914
10355
9874
5267
91452
64212
66958
51602
60475
77122
29147
80064
44922
50675
88519
41536
12582
31934
17527
63525
94881
90540
87903
49347
88679
90434
96322
61851
39058
41861
51661
61276
9459
77511
271
5320
62309
59032
10607
10989
68183
29919
47759
8772
56981
67939
56539
98832
97463
18226
73953
1304
39111
44543
42898
76144
24406
61302
27950
90104
32621
92300
97259
97647
96349
32004
59624
11313
8366
37354
81631
7744
23214
4929
33375
70208
67568
4976
79053
67908
18730
34429
954
67173
27648
98940
41532
19525
1020
58796
10080
10991
2276
82868
4422
64937
18268
89130
65174
62515
76209
85211
31126
65582
97336
35076
20680
53596
91327
31574
20214
40852
32158
17604
50583
56855
19908
59784
42400
90602
50076
37594
42608
47606
61462
63004
7612
20900
60333
82683
91411
96141
22424
76021
41391
81290
95101
2373
1591
33832
37244
1308
90666
9837
89292
26126
82681
47257
98639
55210
1915
21785
30464
19153
67916
97414
37662
34470
73218
60685
64517
69980
4674
36038
97099
62809
3333
89096
9333
8427
34418
70109
33498
20742
79185
9707
49286
80354
27875
96994
57974
24913
7212
45082
68903
94694
13134
3740
91922
4290
20248
46592
53610
17735
68892
51473
61976
13870
67408
98735
91328
47575
67975
19551
3039
34031
37492
23013
49458
12390
13652
57592
73172
70296
87162
43056
66103
75523
61674
40585
13267
95860
23430
64839
26121
51988
37763
64272
7835
37353
54319
97969
57442
114
24811
12617
80944
36623
51136
97656
23234
63145
4201
23445
97793
51847
6020
79762
90244
25990
67788
45799
95044
2599
87473
97341
56463
35228
3000
48664
66018
29898
85895
75519
68746
47899
84736
7426
99411
23621
28661
31988
40640
61663
60389
93066
74819
52148
94234
4142
97789
43021
61500
54739
39040
4850
85365
3518
58773
96482
36453
78026
179
45259
67517
302
95356
80554
94106
92119
42413
60203
98774
76596
2051
50358
74795
86057
41766
74123
20058
98359
56450
49144
89282
70012
66518
66466
90735
50924
64273
90503
4786
67425
37669
46297
43678
87312
98390
50999
35562
55234
24909
15264
68437
26527
88856
34184
52394
12686
31969
98484
35173
93750
60889
49915
95645
53683
29150
19154
84774
69793
95518
81492
75326
9088
18214
44643
5116
35016
17676
27161
33635
74064
27867
78903
5347
36123
77934
74093
99520
48145
81712
53706
55029
21288
42764
2661
30529
78979
38850
92103
61902
18393
71922
10751
4217
5038
93642
30937
4673
81395
92639
78386
78484
15096
71292
39306
59582
48723
12243
82098
86898
14011
61010
6885
82234
4052
59959
84989
92338
45497
13796
24633
47412
24873
81407
33659
60801
56373
87491
40837
42890
92206
33093
44698
14985
50785
85788
74000
9350
29404
4039
22555
73766
77766
25161
9027
48136
44592
71258
14385
42812
70488
26728
28798
69191
44095
11781
72849
91433
87179
42004
8950
63665
40528
17764
19729
45469
39749
1823
95273
82429
60939
15820
11426
84639
72226
76290
99616
74772
54555
79906
58351
93773
85927
91995
87110
91685
65599
91413
82633
118
86660
92173
68268
39582
65701
66187
48761
27668
32776
25790
20261
89141
37595
89005
70382
68744
12217
10635
1709
66360
21519
97470
92104
61621
84850
20279
1129
46907
16144
35259
751
37728
87911
1652
83312
81824
44660
8207
70073
62944
52748
61939
90695
90745
64091
8722
32135
17149
2444
52399
25842
74309
81902
15046
5922
96910
48696
57987
32022
36260
24409
47469
51068
72294
81130
23981
721
32288
43231
38677
72945
3124
21697
82237
99674
50411
32960
12746
74526
15073
18547
51851
82991
56690
73967
9808
75461
77116
96922
71301
65697
70126
77447
39629
36004
29950
9292
21492
12507
39587
59608
59331
57546
47720
18051
45054
18145
64181
49944
33327
83882
23249
53273
23050
93567
59598
23058
40529
82538
53754
90345
96395
81520
48467
29441
96308
13501
81762
51573
73012
39561
56632
66477
99313
98927
2940
89876
5118
99487
19715
79412
90817
88173
63931
8999
99310
12054
6763
64151
24773
56131
61803
96980
26316
4984
52449
17074
7770
14592
90133
28936
36334
52878
29460
25608
82867
69562
61844
21158
80326
37429
44946
83099
69694
72911
60053
78362
57412
20656
23351
45450
69223
24249
31827
19899
8044
50065
50579
44396
56027
11570
85670
17315
98726
40781
7538
59885
6552
38059
1157
75972
2597
40488
73816
34572
12451
77629
24564
96271
54978
45729
54500
68174
82718
74934
25053
43494
19338
96400
71107
56578
13517
83958
46055
3477
61479
43557
35139
17600
19445
57964
4374
54392
82634
36099
6378
46106
55733
90505
47353
59354
78633
53544
40881
73588
71689
46661
25248
45397
23473
70187
84801
38500
25506
35850
69527
89136
70655
73359
42814
73609
29153
79637
27377
69151
98302
34217
22322
88461
67740
33139
33143
69638
14239
3404
19634
6795
53052
76539
77209
73010
72412
20177
91122
52025
39731
35865
51469
38858
25462
30420
50320
66302
83255
90706
44749
67432
49406
3517
88638
96115
97198
10107
81061
20896
92168
54005
39700
9099
65066
39606
50146
1142
64244
75246
58665
83425
80659
72061
8926
79478
5577
96624
93330
43300
33011
65198
70772
24245
74355
36714
84206
9048
15299
39252
19759
44567
16739
92426
35627
56457
71427
36600
94186
7008
37444
54790
77477
11356
14476
32579
32162
88929
74490
22513
46149
6897
83554
58456
45022
22059
89829
50256
77619
25397
22926
60100
44864
94109
16936
99055
25317
45003
49945
91723
83524
24304
90261
31461
94409
84165
23725
4186
25342
24097
59185
82220
84781
81393
72064
5424
99196
62614
48239
49521
84783
57047
78505
7817
22931
32417
5212
26052
78293
51048
95470
19177
51915
70192
93993
4551
13536
45422
84807
10546
75712
78893
92388
44359
86889
96977
64241
94610
64578
80708
26389
55803
90788
43961
52298
11603
75669
91183
94751
9600
80966
4137
95791
82928
83840
75569
68965
2088
88340
65885
37473
30308
60415
71854
42814
61572
20431
53841
50580
75903
43339
39604
87297
21479
18332
81416
19348
27054
67109
58093
22017
94608
19299
81519
64003
47624
71615
60025
9028
8493
25482
15209
14228
76484
68744
17504
31866
42794
49597
37110
37522
29507
78588
9946
12157
66394
37409
83845
73748
28260
31815
62180
13405
8627
57171
65349
48898
38979
71825
16758
59904
63845
97984
24606
94287
35340
6994
90165
39792
20024
77590
69288
15946
99610
56042
9528
12501
51430
72062
65342
57299
25037
81662
30609
32329
82464
38205
93809
91098
11091
65467
64511
57450
35803
11139
21988
75613
34086
32452
23909
91445
3130
41513
53222
90357
87736
55119
52518
37216
10540
51472
4101
36846
69318
28871
74388
36313
59531
76550
81680
7110
34982
56803
94554
7070
14313
9031
64471
13869
14221
68599
95808
37238
19478
96005
37352
24996
44413
64519
68562
32894
59081
521
30399
59481
42325
23913
1405
93488
81134
6766
34350
6355
83515
20061
94123
73024
49863
90335
61786
82987
76851
3406
1039
59189
25094
72547
33835
92256
218
49185
56224
28550
9301
8225
39632
30846
73822
43551
10301
30035
53294
22258
60243
92929
24322
79007
73573
56227
68130
8843
72076
2386
9427
73348
79352
52916
61009
58001
84588
36870
30476
36093
94461
23189
61120
25648
51360
59762
78136
23328
91822
17357
71011
21909
50126
2201
60268
92947
27760
52597
69274
96031
28681
12869
86788
85285
2379
59118
91620
54851
2629
77275
62667
48049
49498
8486
94290
85377
10849
84704
68000
55261
98475
63078
86388
84007
91549
70430
26112
50054
15783
9952
65701
34551
89936
1420
52842
78305
22795
17545
39594
88735
15407
69687
62612
38386
42349
56003
96031
35345
8489
34287
74121
64270
73357
3932
96695
23239
99220
85191
53377
72596
13393
74150
11765
3895
25513
99106
10256
90865
12831
36879
16303
12376
61669
49306
97096
94065
35447
90907
38239
85461
181
29778
90683
79241
49763
30868
19706
94751
30325
16036
96940
72983
31588
52556
16703
45376
9199
59803
27340
66545
15503
72009
64058
83178
27769
57719
99827
79530
3314
7160
33050
53347
49460
62799
11518
22507
14780
510
10775
50983
35883
24592
99260
42384
70100
28036
95725
18058
27145
55996
90090
66831
66593
44943
69785
36561
43112
33429
98212
60312
28417
28198
69361
79025
35953
980
45619
45577
13302
60560
46233
84192
80209
44837
62399
58742
14754
94520
47673
79227
85146
17779
39889
31659
98781
7708
57645
43734
22904
35803
52481
15069
96182
23258
58719
85580
57437
29067
16064
70842
69170
29002
60573
95907
99391
90180
49834
25788
66106
56785
77603
67064
92161
46160
96480
79194
32434
74572
21886
30327
87751
63463
55834
21678
66401
62887
60555
99918
81846
28865
31914
56308
27997
75782
34025
23560
98266
71110
75831
49055
45428
82538
32612
39471
54243
49390
32910
49740
69597
80381
24970
37630
69592
19568
47385
62225
8473
55983
85227
52093
69242
86196
63687
72992
9225
73155
30777
62604
82323
43285
35496
79551
32236
15318
25144
11606
66715
85318
85231
41831
4278
64834
76063
11658
34076
30589
50043
53613
92973
77997
61651
41936
49385
36765
73776
53932
58154
3845
17925
23448
5175
41329
16544
2377
22930
92294
10609
31006
59367
81935
75349
51930
60836
33524
32977
88440
73205
48037
47013
83413
66140
83711
24611
54546
11373
56938
61264
56615
37492
17911
10021
62622
64809
46701
6507
93295
51514
70845
74499
2969
15706
81474
63193
18436
67373
48473
29895
72928
8837
95992
66369
39548
32833
71096
42133
32248
2584
5950
40068
92079
2027
30524
56206
23718
36722
46797
7945
36818
90484
77702
7678
68923
10417
27838
56241
23894
46018
14857
55449
2598
37048
68124
33359
86261
40402
6296
36613
60052
70935
77096
7398
72492
66096
4771
34799
66394
47391
9161
81843
99480
95945
88467
41320
46427
19350
81201
36293
78839
30500
66784
74425
57143
3611
78123
29358
86454
54804
68903
99459
2957
17770
17513
32192
70075
2412
48818
73817
44813
77959
53946
81056
72001
14264
45791
46660
15360
685
68929
38470
87948
31986
13939
67253
50974
22389
64366
39408
23894
41051
72807
90253
98292
47611
57586
7177
8777
76138
72727
68692
50466
56826
22312
22395
74231
48692
70906
85033
13949
31704
46081
99725
72594
25122
42283
5979
73780
91007
55548
56730
40632
44626
18355
6804
90242
6755
38723
32844
43982
53419
40043
22960
60555
36419
91738
19838
15699
5627
35516
54480
62506
24701
91971
76068
13432
56251
5136
66530
62059
40962
92271
80618
45976
32620
85017
85318
47056
13844
85285
21837
85923
20998
39787
3202
82182
84248
99175
49719
28334
56360
96000
83799
77395
56959
54880
34725
42254
5182
32411
30526
83923
92948
67133
37811
25330
19176
76068
85845
58990
22534
33701
22691
76659
49179
94417
28930
48312
70693
9157
33848
79408
6637
7248
6051
97144
25563
29193
25285
42587
28578
89356
39241
74098
43622
8064
66259
74055
11174
52960
92185
71592
74706
28661
81676
20839
26149
60503
81474
57725
20888
65766
71359
50216
27555
83776
47355
72704
90911
21807
99730
8517
35716
53825
37782
73925
68584
36202
78669
48783
77650
85056
21416
56365
92675
22827
77536
70661
92092
84442
11915
97900
43398
99769
